0.00463545465428
0.00444915811604
0.00467310293747
0.00447444693134
0.00609844335483
0.00629920949357
0.0050294921797
0.0055572601794
0.00472009633051
0.00447063300771
0.00429199672386
0.00466998450953
0.00510995849892
0.00469747116156
0.00497936583433
0.00611076291791
0.00624526525578
0.005758627353
0.00501593073559
0.00471553400781
0.00471162651031
0.00416186378987
0.00437662634544
0.00415446093949
0.00418209397623
0.00420580399634
0.00372891739479
0.00389183730602
0.00437691710359
0.00399686541766
0.0039592352561
0.00494675579457
0.00511310138373
0.00481393775188
0.00434574620405
0.00563665456933
0.00669696983925
0.00711953772569
0.00677510992161
0.00663712734759
0.00557268880054
0.00621974152988
0.00650920487934
0.0057285176685
0.00584338482165
0.00547337284779
0.00606998988953
0.00517593392593
0.00549364323124
0.00482397529606
0.0047758369567
0.00507981550498
0.00467727726333
0.00625613530444
0.00583705040465
0.00655177834793
0.00545962613448
0.00553936426036
0.005775579175
0.00581536647611
0.0063776288468
0.0056455339506
0.00527871844247
0.00474318578172
0.00514957892944
0.00535131668246
0.00612519508408
0.00628942456701
0.00595881766786
0.00464414001406
0.00479333277286
0.00518319804722
0.00436480600715
0.00406106109899
0.00388415157739
0.00311670349473
0.00313071961902
0.00246068047353
0.00213356997339
0.00194422012083
0.0017847167331
0.00173240980007
0.00168656139165
0.00208693234084
0.00132653607661
0.00151937541424
0.00137073945576
0.00148139929723
0.0013326699505
0.00137035875805
0.00139380742231
0.00140325547504
0.00128037944007
0.00119283035727
0.00114664199216
0.00127865179148
0.00116950296804
0.00116743176064
0.000924518063189
0.00104665056372
0.00120440601124
0.000966990708654
0.00175572700676
0.00129896011554
0.00157932575987
0.00109420282087
0.00139268451769
0.00135366833961
0.00128142476199
0.00147553847069
0.00092658842352
0.000664990535059
0.00103354478163
0.000970400144998
0.00101870677832
0.000962256083887
0.000752789134614
0.00107264233666
0.000971074262144
0.000938602492275
0.00121186857937
0.00104082456729
0.000993246220031
0.000946220677181
0.000960357371929
0.00110709678266
0.00128191420856
0.00141050693673
0.00128134769107
0.00109239979157
0.00142669544431
0.000887415835859
0.00165458426022
0.00189459871521
0.00147974842981
0.00199209006605
0.0018173800939
0.00158710951046
0.00162263927437
0.000869058574878
0.00179721202865
0.00124192741747
0.00122621537861
0.00111440874005
0.00162568004711
0.00129091909667
0.00152273038311
0.00161929171087
0.00129431893411
0.00162312502707
0.00173778227222
0.0027045993382
0.00224822034024
0.00177377108118
0.00160879773761
0.00155316245355
0.0018474808519
0.00210265299184
0.00214777662291
0.00197137343676
0.00204766845543
0.00198977215172
0.00266967601589
0.00258569331635
0.00226396227665
0.00160283185751
0.00116420198383
0.0012859876704
0.00136629969749
0.00177229820302
0.00184191539008
0.00159402476686
0.00147229335096
0.000719893093384
0.00138044388055
0.00148116349168
0.00129343618941
0.00170036449217
0.00263792060144
0.00281203878592
0.00221034557133
0.00275248626198
0.00231113420581
0.00319312878134
0.00239324476392
0.00295205786652
0.00337952714619
0.00269559673995
0.0027301730601
0.00275231404611
0.00307554850886
0.00290416782738
0.00350236049718
0.00322267505992
0.00271233710552
0.00263083884875
0.00275950089566
0.00295144350423
0.00362329289901
0.0025261221515
0.00264067939532
0.00241323627311
0.00239086264962
0.00262278401584
0.00329848111587
0.00314479009148
0.00290976693656
0.0031572488516
0.00318789588346
0.00280253855585
0.00275971364372
0.00306676441017
0.00366268989588
0.0044925650704
0.00451135860693
0.0044539522285
0.00403445613011
0.00428900338282
0.00376480915007
0.00375034830477
0.00345912483619
0.00306576104694
0.00402210999974
0.00416069206805
0.00397985243028
0.00391551383539
0.00368168040345
0.00340291039632
0.00328678125795
0.00340475846894
0.00366571813449
0.00344417029116
0.00345692042335
0.0029925623519
0.00392996143605
0.00351274858515
0.00320175542105
0.00295967241066
0.00424839528461
0.00466424527426
0.00436193483507
0.00533202824179
0.00504091458422
0.00541138338774
0.00443051036271
0.00452359081964
0.0041927131531
0.00447417530625
0.00410768694043
0.0045110096808
0.00384381733729
0.00433285146583
0.00415306693091
0.00481242698012
0.00577383033383
0.00613137678375
0.00630579606345
0.00531708152199
0.0055124060311
0.00566229587355
0.00638081475157
0.00613969896003
0.00533534895562
0.00534642866758
0.00598666956431
0.00534696874317
0.00641662707311
0.00612966548771
0.00627853968579
0.0054915012907
0.0053051656433
0.00511448756319
0.0054293287762
0.0058214826983
0.00549987546729
0.00566063616073
0.0050905409277
0.00447314862838
0.00412485518489
0.00487734099689
0.00526197399947
0.00592387404061
0.00617623908816
0.00592313069775
0.00558290214589
0.00550864730845
0.00555454024646
0.00606154332345
0.0051678870411
0.00556032057691
0.00552879305615
0.00507216803156
0.00473029150939
0.0052083172221
0.00490824484591
0.00426887512698
0.00449048534747
0.00410402455559
0.00447484827994
0.00429016242141
0.0036877622595
0.00414022210949
0.00456932216176
0.00412010547681
0.00413556353252
0.00410680968687
0.00405592405441
0.00416957230677
0.00417362271256
0.00492172435606
0.00483977349975
0.00524129554262
0.00400844972854
0.0039744167284
0.00379585316088
0.0037975480835
0.00346595847067
0.00336650433285
0.00346149745213
0.00336982015017
0.00338771470979
0.00341436789106
0.00388596519772
0.00411812692608
0.00412831805951
0.00415956204182
0.00401410787461
0.00431820101732
0.00396284014967
0.00485169593126
0.00454441362255
0.00388569929863
0.0032900273927
0.00433026257911
0.00402966720272
0.00373131221602
0.00448695710084
0.00444223346518
0.00416475432897
0.00548240720589
0.00524007423739
0.00583026639905
0.00562549970197
0.00619976294477
0.00627092716246
0.0062592266867
0.00644237387607
0.00693901426292
0.00733642430448
0.00732306860792
0.00714438060842
0.00755793449178
0.00749039300375
0.00718520474562
0.00730159632829
0.00734337623864
0.00767296441372
0.00637758199303
0.00497902150426
0.00507956975456
0.00581171169087
0.00533713326196
0.00545690056088
0.00553076885786
0.00561360830648
0.00499188000804
0.00512542423784
0.00518415316649
0.00497755019851
0.00499536696322
0.00497543476983
0.00602252357086
0.00566161799619
0.00563057684859
0.00533169171679
0.00552457125154
0.00492325733132
0.00499109728261
0.00520158909134
0.00511378960648
0.00506264246936
0.00512123612467
0.00503522195038
0.0047418258139
0.00486967888142
0.00533820308757
0.005339029638
0.0053082045337
0.00477105219963
0.00462223012847
0.00465933408271
0.00509604518095
0.00470108622188
0.00460677551295
0.00449813267146
0.00521106747527
0.00507460276403
0.00474153040861
0.0044384264461
0.00461513162269
0.00438572387681
0.00415605888348
0.00546475679796
0.00544548737062
0.00467118307144
0.00534074723348
0.00512202367432
0.00467965598079
0.00518341173939
0.00546489202055
0.00514166203076
0.00556362031798
0.00551879941018
0.00591953927083
0.00641117612355
0.00821575435996
0.00800933818162
0.0074001073101
0.00753048210955
0.00716613754179
0.00712785552349
0.00748485942527
0.0070106109512
0.00737045318819
0.00674544379522
0.00637141573791
0.00631145876034
0.00581077278594
0.00545409350061
0.00531655590167
0.00572058896154
0.00589528208584
0.00647722523541
0.00729018966249
0.00748799463506
0.00735634752492
0.00655300661548
0.00695437178315
0.00654707586911
0.00677160141388
0.00700772720301
0.00620985846192
0.00652875403665
0.00667816516101
0.00709442730472
0.00718483918205
0.00629094940982
0.00669658406203
0.00723859061963
0.00689076786999
0.00728241786747
0.00688681753813
0.00653519738476
0.0064602220705
0.00717164570981
0.00689956060514
0.00704012867828
0.00717109152841
0.00734335357601
0.00788298415943
0.00810123535643
0.00830965338192
0.00792565749934
0.00855541715867
0.00766095066823
0.0081223601516
0.00785052635448
0.00838281213742
0.00931539001627
0.00929138482611
0.00937194082676
0.00849506124603
0.00799498901998
0.00845513941198
0.00839175014215
0.00875309617539
0.00802117035825
0.0084330349984
0.00792516227084
0.00837748308666
0.00771028559675
0.00769167112127
0.00736722647754
0.00684313831217
0.00634249445976
0.00674304026239
0.00598731340004
0.0059446043143
0.00484495137851
0.00565980135194
0.00580605735514
0.0055202409836
0.00537631521156
0.0052964011695
0.00503182238015
0.0054919329891
0.00553764732972
0.00501470703903
0.00498549787542
0.00456425273801
0.00511161780668
0.00496506793604
0.00472449335393
0.00502288198613
0.00515552003392
0.00547626751146
0.00521701825232
0.00520207313812
0.00630327065976
0.00503227800605
0.00494068194791
0.00429733129915
0.00406822297239
0.00399291577138
0.00337652289643
0.00356691736196
0.00392714167691
0.00341029492086
0.00361459395369
0.00332666406099
0.00389205337536
0.00480609569534
0.00475822109054
0.00434385730109
0.00465820732638
0.00490696813195
0.0049961825681
0.00504949035952
0.00523613743527
0.00519459638047
0.00485134399834
0.0051547254176
0.00563193686711
0.00625556022168
0.00528998766779
0.005103598291
0.00563098408145
0.00505257186503
0.00535059230042
0.0053667887749
0.00552149044972
0.00597896337191
0.00527632300618
0.00547663006403
0.00512611643492
0.00570406953385
0.00484483887296
0.00522679335226
0.00536319900534
0.00490157302818
0.00497282087492
0.00461434553489
0.00519270493081
0.00507843183276
0.00491707505662
0.00509170578912
0.00509224503111
0.00491589183175
0.00475186498102
0.0045332336444
0.00463385551877
0.00417476127068
0.00462897360961
0.00469829246999
0.00405702858465
0.00424975692994
0.00435735398503
0.00446287120339
0.00387496491892
0.00412928939938
0.00356908921597
0.00376688696456
0.00374367186178
0.0033844670144
0.00334604093159
0.00153484122091
0.00149083495726
0.0017362651047
0.00144322404004
0.00160454643381
0.00147467414576
0.00167929380665
0.00153371593721
0.00178551474366
0.00188985407711
0.00184280622226
0.00225744404592
0.00164546698761
0.00200701625594
0.0018052815386
0.00155600892184
0.00173883604355
0.00154518977099
0.00212389932909
0.00220554920564
0.00311123341209
0.00278850797052
0.00256559820064
0.00224982259979
0.00175250867601
0.00215933818324
0.00187347373334
0.0027260870935
0.00157506152295
0.00137890942142
0.00181325039111
0.00132840641134
0.00211758869632
0.00143521422416
0.00151298827629
0.00180472834665
0.00186081186221
0.00270474367754
0.00321501194765
0.0032811001296
0.00302068031749
0.00331480274143
0.00510066429024
0.00519532503162
0.00345823591676
0.00384638486218
0.00376648201251
0.00403401110463
0.00403081607491
0.00303102994504
0.00346392462067
0.00345041369988
0.0030128355115
0.00309858250293
0.00276817745272
0.0025362564859
0.00230282985859
0.00247525623921
0.00304460753457
0.00252649686071
0.00296366292144
0.0026950687554
0.00341450324781
0.00371136511385
0.00395908671281
0.00510648595893
0.00550852370008
0.00427326523617
0.00365103950995
0.00376748852979
0.00324993153778
0.00377681078767
0.00329096712829
0.00313426303609
0.00246513193791
0.00257948876673
0.00285476728981
0.00310530521641
0.00322297532776
0.00315198189634
0.00331008773019
0.00372523151311
0.00441336297128
0.00459263685325
0.0048076464167
0.00517828242123
0.00560251603089
0.0052106579349
0.00514264009497
0.00519356636383
0.0051832743504
0.00561294440103
0.00616700241124
0.00563096114008
0.00490751469676
0.00465743094443
0.00546864126386
0.00572065499869
0.00639987570503
0.00613350795611
0.00822988205767
0.00718874714157
0.00716617008744
0.00807558756047
0.00809376113059
0.00667680441186
0.00777183954997
0.00652499778358
0.00671449863718
0.00551762488602
0.00567015419899
0.0056552899016
0.00519901572892
0.00573835366398
0.00653616605953
0.00476833637439
0.00442210121997
0.00510408373177
0.00560547607092
0.00558414539935
0.00530597151618
0.00516109386803
0.00495325951872
0.00797229795103
0.00718966688984
0.00746589529131
0.00995672810298
0.010022189113
0.00953115457898
0.00614081548514
0.00602885228284
0.00669284852477
0.00667297911865
0.00644779112039
0.00642445533155
0.00755265930414
0.00549335583733
0.00562124275472
0.00666549957082
0.00631964791878
0.00668757866878
0.00635873736627
0.00962649332726
0.00688903609041
0.00905124849073
0.0092727184794
0.00808953690555
0.00850378501091
0.00807767861738
0.00693825717111
0.00917705782334
0.00802579163316
0.00777574712359
0.0088708603824
0.00891129952121
0.00731923617987
0.00523575739577
0.00479557750148
0.00564717195814
0.00600226647203
0.00544718275488
0.00513387988027
0.00473601838191
0.00458128580118
0.00555933798148
0.00591542799624
0.0058548791426
0.00452750549969
0.00370782854805
0.00316316585503
0.0047679262167
0.00530326978566
0.00424350374265
0.0076977693328
0.00792005699075
0.00606427699946
0.00807292939671
0.00800892879494
0.0107944846996
0.0113143268137
0.00848443041986
0.0095966043573
0.0106963750246
0.010671410734
0.0127844547648
0.0109715096718
0.0126392470181
0.0139980538502
0.0143860728078
0.013099405241
0.0136314190229
0.01283270449
0.013494492455
0.0129861251926
0.0106621210888
0.0115029434436
0.0106264360127
0.00999239840378
0.0109974266837
0.0117348227022
0.0109931583824
0.00939421824875
0.0103892412213
0.00975873230616
0.00879488856852
0.00807746252126
0.00954691420672
0.00834470055254
0.0112795661359
0.00905126878745
0.00966586557674
0.00954559810392
0.010541706402
0.0105224891194
0.00971998843582
0.00900944199165
0.0108912876634
0.0100494829951
0.00995148146173
0.00979468596019
0.0104759585403
0.0111505239617
0.0108086055365
0.0107777114147
0.00819449511593
0.00701460916246
0.00598921044657
0.00664337577383
0.0066082671501
0.00578258222405
0.00593322548719
0.00315126574103
0.00389322188761
0.00415461932964
0.00367767069996
0.00443968677664
0.00396919527281
0.00397563530573
0.00503487288703
0.00446661401667
0.00391184373009
0.00263226107343
0.00309926181883
0.00290760319174
0.00403724580832
0.00389804611523
0.0039053302598
0.00360289547254
0.00371230927257
0.00426188136043
0.0042993929419
0.00395063143003
0.00267479322233
0.00342079879371
0.00329741655882
0.00261900480261
0.00311112073231
0.00342758795259
0.00206755983016
0.00192938480277
0.00117206259409
0.00152944088671
0.00135414116719
0.00132251831127
0.00236211996318
0.00254986319016
0.00212612554195
0.00253599360803
0.00217288328656
0.00197922914959
0.00213201377855
0.00289461405399
0.00285036143932
0.00291888046326
0.00245166681024
0.00315397201582
0.00351470615628
0.00282905161308
0.00352659593312
0.00353316293477
0.00319562313137
0.00295809864085
0.00291790308266
0.00388776870383
0.00351134063028
0.00370849583657
0.00429609204933
0.00363336185867
0.00424081274154
0.00392311985132
0.00352703826265
0.00431727624761
0.00373263616967
0.00301671067136
0.00320778396646
0.00386677584368
0.00459289195388
0.00452654989081
0.00376989587388
0.00407580281458
0.00595877382021
0.00843917597268
0.00756212421987
0.00841718354236
0.00765936350753
0.0076282867619
0.0074287799327
0.00771327122733
0.00727508878063
0.00712737677195
0.00665269990476
0.00727501570574
0.00561525412026
0.00460040695816
0.00484072573847
0.00439209768497
0.00434639212603
0.00482076673916
0.00527956503984
0.00532949785243
0.00434020605166
0.0043172379471
0.0043913431996
0.00615209592762
0.005492314677
0.00580797065902
0.00559587516041
0.00468014877063
0.00446867923687
0.00522883576497
0.00535976344462
0.00625683112721
0.00638628399686
0.0065454519275
0.00720511844627
0.00541730786794
0.0056455311634
0.00613615092621
0.0049946728666
0.00506653013505
0.00525558946297
0.00411361172913
0.00496281069814
0.00442775875386
0.00549468957125
0.00498983433415
0.00636978276429
0.00575888488793
0.00702730269111
0.00671939229103
0.00887480986535
0.00823016589923
0.00847750773662
0.00796172678749
0.00927392572996
0.00979719059511
0.00704010938618
0.00711868850778
0.00747025858335
0.00712688820848
0.00798632296993
0.00809367262723
0.00702935067226
0.00757162816416
0.00631423924554
0.00721004055526
0.00610659455309
0.00661372625897
0.00635701808968
0.00690462292811
0.00700737387192
0.0071394181181
0.00723715123079
0.00707135827408
0.00779574755737
0.00698458775736
0.00695884436655
0.00720634382914
0.00755412385405
0.0070276242767
0.00685632220321
0.00646566428044
0.00612930429172
0.00610947617311
0.00710202283593
0.00701480250478
0.00747062033012
0.00655081094264
0.0062757985195
0.00765127373212
0.00747789348772
0.00804962583112
0.00867706109297
0.00897189699978
0.00889529694328
0.00822677572155
0.00818294244395
0.00806877794216
0.00846223544485
0.00894515557668
0.00869688358222
0.00830326966381
0.00838458425575
0.00939023072964
0.00990850886745
0.0099684733585
0.00894732573529
0.00960966423798
0.0101572783308
0.00979705049925
0.0106292795013
0.00935859215864
0.00909101458699
0.00982710503764
0.00850204857027
0.00815738497851
0.0101303179661
0.0099757178358
0.00898114495887
0.00879401232055
0.00923198256838
0.00919750232319
0.0103836676031
0.00961978440864
0.00831846466254
0.00881933165773
0.00806308356186
0.00780355506251
0.00710757147227
0.00816845460477
0.00876214124156
0.00858346697181
0.00888327343304
0.00854816297598
0.00811327961747
0.00729806908724
0.00781165719114
0.00769734748317
0.00754327334262
0.00774082921315
0.00878737271271
0.00750714554697
0.00795125812136
0.00787421693743
0.00820463054529
0.00920708232525
0.00837298176457
0.0088373860127
0.00901313043762
0.00863011982623
0.00814598226759
0.00816077394708
0.00781246491974
0.00856964619326
0.00844963142177
0.00744381537792
0.00781263608397
0.00759820320782
0.00746688021043
0.00690598494246
0.00622824942426
0.00611075935804
0.00618921764334
0.0069161320906
0.00597402774086
0.00656654785302
0.00615595214498
0.00615266582325
0.00624189753554
0.00599461933281
0.00618724441812
0.00666340900963
0.00582976037424
0.00571142033228
0.00545469297591
0.00594279122128
0.00488755643056
0.00498313257411
0.00492238058966
0.00460582187124
0.00482926572846
0.00491075671131
0.00480605487041
0.00470082303383
0.00451104714973
0.00353256616837
0.00351293738371
0.00367894148266
0.00365360894272
0.00393911543533
0.00387444500178
0.00464184128554
0.00487777532261
0.0046974618152
0.00434557493021
0.00412202351611
0.00410449987678
0.00349515720391
0.00379205175846
0.00377545844084
0.00398536623889
0.00405212332267
0.00382450478363
0.00392620519091
0.0045750914227
0.00451555645923
0.00484504019058
0.00420311776669
0.00458885305316
0.00412846874639
0.00403148415856
0.00439644721442
0.00405176206451
0.00412389355382
0.00458903793722
0.00391039553795
0.00343574020951
0.00370204247603
0.00367076158634
0.00331566812486
0.00354296913606
0.00357080707349
0.00366485634229
0.00330892260265
0.00316027835578
0.00326058926639
0.00371814193131
0.00371924769303
0.0037914177123
0.00389417051722
0.0037866411002
0.0042315537137
0.00450143299334
0.00478428367954
0.00434773941085
0.00363557321804
0.00368280126168
0.00355225303048
0.0036063168543
0.0029076664074
0.00287902287646
0.00263018973022
0.00201461971321
0.0015404816821
0.00148180997477
0.00224926772422
0.00194970008446
0.00202942952802
0.00172021278086
0.00167745540643
0.0018057996403
0.00189801729851
0.00186103152034
0.00203321353781
0.00211822927226
0.00185313028853
0.00185144455263
0.00180916330829
0.00188044229265
0.00177487078904
0.0023019275942
0.0020002548412
0.00227668806622
0.00285988577511
0.00293965960607
0.00245060678165
0.00258358393275
0.00212628050832
0.00247540797784
0.00252677926657
0.00205364325998
0.00235773834405
0.00274522806264
0.00311982750571
0.00261155870707
0.0027433149017
0.00309419433738
0.00281363673541
0.00216683101393
0.0020881944686
0.00221513740276
0.00220916589912
0.00160787330306
0.00252451647432
0.00206011014997
0.00207060862201
0.00242998525843
0.0024212799057
0.00246940757599
0.00223776820098
0.00214463448865
0.00246989432782
0.00221116316725
0.00255648133492
0.00211075486819
0.0022634911812
0.00214828400604
0.00202490365331
0.00215342298984
0.00204585425972
0.0022784586783
0.00234575213754
0.00224483516589
0.00202056623988
0.00241339671607
0.00243322980517
0.00261878485191
0.002747832803
0.00288520877373
0.00261200779526
0.00284379753922
0.00277738781972
0.00231499490303
0.00280383915784
0.00312771888017
0.00325830161046
0.00312931665478
0.0032408276236
0.00343846541107
0.00322370977308
0.00325100696428
0.00289033595019
0.00287897714712
0.00309365870376
0.00301050150457
0.00268446440853
0.00245161895208
0.00270642026278
0.00280002146531
0.00205481528919
0.00231731380359
0.00214307985433
0.00238793984149
0.00200268759
0.00180127322528
0.00158378486987
0.00171352079615
0.00188025994731
0.00148527110393
0.00206267931035
0.00204945134203
0.00158240654747
0.00152718233286
0.00234725737795
0.00251516569714
0.00225953365283
0.00209711666371
0.00276938645063
0.00232321353925
0.00293289913911
0.0025841388208
0.00284370962768
0.00252923325215
0.00253923821415
0.00234822091427
0.00298758264004
0.00257638392196
0.00248248977335
0.00256636851125
0.00278968179256
0.00271589588676
0.00273091345854
0.00275265519022
0.00305694207757
0.00310903263872
0.00285001586842
0.00260813847574
0.00254308370825
0.00257492529996
0.00251407846297
0.00238933980763
0.00250578059927
0.00260527805457
0.00248599631427
0.00272733983509
0.00238653133599
0.0028711499632
0.00244603691357
0.00281222332463
0.00268307947305
0.00246449560507
0.00269672250661
0.00232863190092
0.00297338757217
0.00346922498
0.00325837956813
0.00349169140461
0.00292487941213
0.00385205618515
0.00300302638441
0.00356478993621
0.00331639847498
0.00278839587367
0.00240913932462
0.0022250684323
0.00241084101763
0.00289172951333
0.00314387053509
0.00308139856984
0.0027773445817
0.00251578838654
0.00257573508343
0.00243088751302
0.00244784125924
0.00285302779443
0.00169200389465
0.00178865645439
0.0012696682669
0.00141474735657
0.00137827955824
0.00153821300809
0.00107910670264
0.00158419405155
0.00120430901403
0.00118480117641
0.000939139499079
0.00145826952271
0.001325996308
0.00120430508033
0.00169210769336
0.00130359707874
0.0017623880638
0.00194063258186
0.00203011699797
0.0015602620361
0.00186069937999
0.00210715908288
0.00216137788283
0.00214111071582
0.00254816487646
0.00214915952931
0.00323303987076
0.0025924766923
0.00245825752483
0.00254747678603
0.00240074970645
0.00262150762347
0.00262908722029
0.00228904061762
0.00181792450668
0.00192630736271
0.00161956493612
0.00207992330511
0.00211322590489
0.00178501879746
0.00196337122524
0.00238118464044
0.00276684929704
0.00270398993718
0.00309686515372
0.00311928116693
0.00269346475829
0.00348024922034
0.00361013083383
0.00367867996801
0.00362909300301
0.003250435549
0.00370884156035
0.00329373579474
0.00317577073706
0.00288577804815
0.00270463107774
0.00210662926097
0.00116752955034
0.000639679117689
0.000661019667891
0.000721485946047
0.000581961568271
0.000768806023997
0.000847873396112
0.000682952026483
0.000817708209991
0.000382483527304
0.000404331872983
0.000551274944204
0.00054510991306
0.000462875865932
0.00056053368327
0.00043453471852
0.00048344805334
0.000440394709202
0.000207571953222
0.000265425654352
0.000295049314738
0.000326797854022
0.000381425940623
0.000372693539526
0.000266702175603
0.000517755613316
0.000256106476697
0.000269884441201
0.000413312919382
0.000566851606991
0.000460512342862
0.000477196762942
0.000873092718693
0.000692403167113
0.000502037474323
0.000457786499681
0.000268752182966
0.000538084315417
0.000365110273695
0.000545850615965
0.000438375504797
0.000443040838849
0.00050181177012
0.000487074030989
0.000470534945025
0.000310998848705
0.000382955752401
0.000427015000969
0.000462691972861
0.000306077491064
0.000308460598406
0.000445003346564
0.000405123494372
0.00030734206357
0.000296435077551
0.000533322312629
0.000467542330566
0.000135765973072
0.000224267048842
0.00015744036162
0.000375003659679
0.000407510458371
0.000156751017766
0.000127412533707
0.000184242643849
0.00029793851673
0.000617288414154
0.000560812961179
0.000586755321479
0.000585926570771
0.000588445799255
0.000764412298067
0.000559877838716
0.000664843966942
0.000446548110711
0.000484238459788
0.000376125685039
0.000158953026084
0.000273261291697
0.000249540292412
0.000181830635596
0.000147419309392
0.000278160332647
0.000197170929863
7.46608017669e-05
9.40697924616e-05
8.39246897013e-05
3.6852684116e-05
2.75832544809e-05
0.000112144318837
5.21620290771e-05
3.37922770084e-05
5.71120903843e-05
6.21734825939e-05
0.000100176170438
4.60209388972e-05
2.85902990702e-05
8.03350891187e-05
0.000299077022627
0.000249958149216
0.00032946977521
0.000204427528379
0.000427775791235
0.000172169936976
0.000187700577397
0.000130579614183
0.000190650434475
0.000212527914615
0.00022239786126
0.00035752011249
0.000435147182838
0.000697205444278
0.00105938031101
0.000928504808179
0.00131288451762
0.00144913406341
0.00182039372566
0.00189453698028
0.00161132800481
0.00173097277869
0.00154521777838
0.00181158948141
0.001498670423
0.00126090636365
0.00122122591879
0.00124992477383
0.00123992033047
0.00118076612611
0.00173387832237
0.00181189892229
0.0016666016614
0.00166978075173
0.00166376363457
0.00174307775002
0.00147350033663
0.00134154535907
0.00134931076313
0.0014920516512
0.00150119101572
0.00151664785715
0.00132289894986
0.00150228175925
0.00147017798493
0.00146816508294
0.00140274058214
0.00143892029847
0.00139147961481
0.00167418539463
0.00199098403261
0.00212219532571
0.00222544668195
0.00192758809124
0.002151850529
0.00224395298751
0.00216339580254
0.00202971727037
0.00209951339396
0.00236729367118
0.00238345346948
0.00187682816235
0.00202556982687
0.00202185122763
0.00226929776036
0.0024511616676
0.00271698384216
0.00239608844463
0.00271806836823
0.00256041219887
0.00247677264101
0.00227879298675
0.00226780104686
0.00198262355796
0.00200753914624
0.00219007978315
0.00212500321614
0.00270659138428
0.00258807193608
0.00262492872491
0.00273960887741
0.00242553093618
0.00274811693925
0.00303813218605
0.00334004543545
0.00300465102587
0.00223970022126
0.00242678845061
0.00231055824212
0.00200469211651
0.0028758918961
0.00286847382516
0.00330237793907
0.00289782313061
0.00290546472827
0.00332053942952
0.00314855020678
0.00368046019426
0.00316673748761
0.00353617256865
0.00309355246422
0.00305274450102
0.00318273888862
0.00270829927276
0.00249443377779
0.00263163810288
0.0021937110064
0.00250085017914
0.0028987340655
0.00391383751192
0.00363819665308
0.00389301151111
0.00297487414762
0.0025864009285
0.00244294697908
0.00246572881058
0.00224165663134
0.00214892806747
0.00256960750117
0.00252765737663
0.00237910464814
0.00278602875734
0.0034844804397
0.00334212716947
0.00334611285852
0.00320024797617
0.00306154014437
0.00345681069368
0.00326965387388
0.00325739724857
0.00312296137778
0.00330731266069
0.00351321877594
0.00326807174437
0.00323343130233
0.00307303223744
0.0032450515916
0.0034683067201
0.00366591337521
0.00356749032593
0.00334294840605
0.00363413798094
0.00329561863368
0.00320722859286
0.00396304098153
0.00331942498826
0.00330544055458
0.00341938111451
0.00352152051269
0.00380402600946
0.00368438444656
0.00360281387342
0.00366059224588
0.00388835075785
0.00358798606324
0.00376117006808
0.00375860789415
0.00402342206711
0.00423425214286
0.00455956557774
0.00468544275913
0.00394966521246
0.0040023871297
0.0040765013957
0.00322991384601
0.00365688682081
0.00343294206985
0.00360576132687
0.00376522910761
0.00293488511301
0.00289408441777
0.00358189657741
0.00362308509979
0.00363387519404
0.00268031497115
0.0027391212278
0.00271293806777
0.00290467827418
0.00262848538505
0.00352451328359
0.004107605764
0.00390166017035
0.0031927607727
0.00355908440567
0.00395250609
0.0036767870543
0.00330347236369
0.00388672167795
0.00416894174407
0.00362411591995
0.00346500968709
0.00372168456098
0.00372874416505
0.00290826897657
0.00310652121431
0.00393780480844
0.00452993457131
0.0050597967803
0.00477110106303
0.00548520854824
0.00577667905543
0.00559601669605
0.0063266819798
0.00641653501643
0.00712711939425
0.00755034337387
0.00682111727883
0.00847243454149
0.00891254520524
0.00929657310437
0.0097368873643
0.0103825007997
0.0116291585407
0.0124763707075
0.0119049898593
0.0114258443152
0.0134790838104
0.0114147971893
0.0110699802645
0.0111493010123
0.0105642927814
0.0106987495131
0.00941609787008
0.00910572707569
0.00906662410987
0.00880581880616
0.00900705124634
0.00908143375929
0.00974968274625
0.00872253537746
0.00901806240068
0.00886128220442
0.00844256369805
0.00773451934314
0.00734155833918
0.00753531496143
0.00897352901541
0.0088119445163
0.00883831684166
0.0085997067777
0.00887179904699
0.00949562286405
0.00974442122305
0.00956587912777
0.00851511389721
0.00887607074383
0.00865692739789
0.0090209074276
0.00839616096688
0.00808247439439
0.00761418635576
0.00729530439336
0.00673155986023
0.00670000523471
0.00622181284024
0.00665575465116
0.00646358954265
0.00651203393534
0.00593490840961
0.00609861947306
0.00620177665967
0.00652261449872
0.00693019348711
0.00706123232154
0.00684661540909
0.00714907381767
0.00714584163308
0.00777820346899
0.00683832535118
0.00716233481254
0.00772995058987
0.00792485084596
0.00741579533773
0.00696532205283
0.00701442097729
0.00748668868629
0.0079342134216
0.00738208869326
0.00691598854167
0.00696132053251
0.00690261539377
0.00659521767701
0.00708223468931
0.00731544029527
0.00718910817736
0.00717073106665
0.00740831298615
0.00753418888485
0.0071529541209
0.007426884954
0.00756776679681
0.00812045779118
0.00877245264587
0.00827255834762
0.00977190694494
0.0101332233428
0.00894894474161
0.00924572643379
0.0103903246673
0.0106015475583
0.00968352136576
0.0105767017004
0.0116254959378
0.0118077773339
0.010674069673
0.0106360590292
0.0129589903566
0.0122751777944
0.0120616194448
0.0113564623116
0.0113747418731
0.00959682507378
0.0101471428338
0.00943490817391
0.00986536294924
0.00970015567966
0.00909436012562
0.0100807123496
0.0104145499986
0.00995487750591
0.00955708760957
0.0076054512838
0.00786467212059
0.00837666418469
0.00810337937129
0.00796297759141
0.00772669108273
0.00801591727576
0.00854063992779
0.00914359956368
0.00837350823353
0.0102740283943
0.0120353099791
0.011050180313
0.0124282344983
0.0126667692278
0.0122918044788
0.0125419093351
0.0138496589105
0.0134545311733
0.0129434392704
0.013620134189
0.0135964052296
0.0126900247109
0.013426178844
0.0131824885341
0.0119836886276
0.00611970867878
0.00657726875585
0.00731968780421
0.00936001548191
0.00864783904771
0.00831732572814
0.00784774153114
0.0081583570297
0.00802930480117
0.00777940121188
0.00789442467868
0.00704218132234
0.00700285713261
0.00765626029135
0.0072123543421
0.00660876320905
0.00662285353442
0.00681019912946
0.00735249931014
0.00760989409529
0.00717408711428
0.00727501203374
0.00661161874981
0.00646770772072
0.00659735378969
0.00684525091757
0.00708296211907
0.00692621883222
0.00701559827668
0.00704240302637
0.00710217254614
0.00746829879534
0.00718888537451
0.00636643080546
0.00596747537955
0.00608808957556
0.00614253684735
0.00566113914453
0.00525519682429
0.00508045940004
0.00537367447139
0.0053452943639
0.00567421484491
0.00620879696324
0.0063572204147
0.00617155526261
0.00598058363997
0.00610341411713
0.00574741857357
0.00579016714665
0.00574369445416
0.00567600876354
0.0059439281603
0.00595495473003
0.00569445584485
0.00586260437785
0.00488555801877
0.00472393557271
0.00457974682523
0.00470305822263
0.0047556849279
0.00521008505476
0.00567924653456
0.00599072096698
0.00640692649964
0.00549807414113
0.00526934433127
0.00528257617753
0.00516506049737
0.00482690493066
0.00518480508113
0.00484212208126
0.00528246697028
0.00546253541934
0.00442416133862
0.00498132504561
0.00570233276754
0.00568927311086
0.0052958616883
0.00484366500841
0.00473123142732
0.00486540989626
0.00492970795881
0.00440133159524
0.00398827304723
0.00415362569194
0.00421207171171
0.00417852617098
0.00430046110177
0.00437531010553
0.00507179541125
0.00434798243497
0.00432943089485
0.00465906885255
0.00498560409555
0.00485887091049
0.00505259001102
0.00525036955781
0.00455528926419
0.00422264605762
0.00385122914393
0.0041297416156
0.00403147450107
0.00422521058641
0.00409518382437
0.0038782489693
0.00365775880923
0.00373029631113
0.00316914418223
0.00304324738874
0.00311948230237
0.00291368647532
0.00326592712474
0.00336919172805
0.00352889662194
0.00372273435715
0.00370913049309
0.00322335400965
0.00292046413883
0.00329652161917
0.00314346911945
0.00331480024489
0.00318863011736
0.00318500131725
0.00293218523189
0.00324312858495
0.00266159165918
0.00258860030219
0.0023565148772
0.00279343050901
0.00244156818348
0.00249672134605
0.00274820696698
0.00253139813229
0.00227796230547
0.00324810411838
0.00319127586959
0.00311986927217
0.002938956664
0.00293146365053
0.00286765188963
0.00299380226429
0.00273766272109
0.00287827526696
0.00292541742371
0.00264720509217
0.00237868216787
0.00238628435479
0.00170121118213
0.00162880683019
0.00199295793607
0.00175810122032
0.00166681734925
0.00148973237638
0.0012072232865
0.000943135546903
0.00123340880883
0.00115675967636
0.00114558616774
0.00106318409866
0.00153632363827
0.00151543386551
0.00125202852127
0.00130695780933
0.00175209838935
0.00179770429744
0.00156042630503
0.00146494829001
0.00133021999535
0.000913811444913
0.0010602740362
0.000718911660467
0.000773570481069
0.00126628627571
0.00120582806332
0.000966748891822
0.001114863472
0.00101668253718
0.000615763660031
0.000621395961877
0.00087466633754
0.000893493248888
0.00101457906765
0.00156795024028
0.00177376595783
0.00169690324085
0.00167205470682
0.00167684969446
0.0015842737921
0.00162385724781
0.00172993342249
0.00191871717135
0.00237166557318
0.00303686899145
0.00273453653797
0.00230591903922
0.00249700009749
0.00272283850987
0.0024103186446
0.00229586447539
0.00240307050016
0.0024094466355
0.00228738773957
0.00226163722562
0.00231925371588
0.0026814058825
0.00250625766373
0.00241171313832
0.00242869662618
0.00243218735862
0.00262001807681
0.00257007314567
0.00334315759571
0.00343751871056
0.00294804854108
0.00338445112462
0.00417300051521
0.00346253754527
0.00362466590673
0.00347146934184
0.00271975004913
0.00318057309269
0.00318755418473
0.00306606429741
0.00350922683201
0.0039724795463
0.00363740775106
0.00355974519151
0.00353040525755
0.00304907165853
0.00330220214685
0.00309911588563
0.00334392186318
0.00303668182778
0.00280553946671
0.00352162881325
0.00347140323452
0.00364938846106
0.00344451372828
0.00335554776534
0.00322233700051
0.00358284382851
0.00376586814103
0.00397485416098
0.00386773970215
0.00391601076354
0.00466807295167
0.00428484941698
0.0042260350726
0.00394550726073
0.00379837566569
0.00377943315818
0.00359484175674
0.00385031175017
0.00352863306078
0.00332424641895
0.00344835149216
0.00317454625195
0.00290399622183
0.00301485583633
0.00333557758502
0.00311348222176
0.00333548612721
0.00295653245349
0.00263563938034
0.00232068266401
0.00262592515239
0.00267631651876
0.00283511739735
0.0026378433381
0.00120188599268
0.00134675186651
0.00120276918286
0.00123859071072
0.00114820543104
0.00104700433366
0.00753702736178
0.0105754452963
0.00963351186077
0.00921819051049
0.00743171906073
0.00609332422974
0.00559701372112
0.00552604097113
0.00661676950687
0.00654707238552
0.00622568296203
0.00763386028452
0.00574999532712
0.00631167293579
0.00615087456876
0.00480138264299
0.00510025050568
0.00438720577548
0.00389680831612
0.00466584791175
0.00563148215227
0.00592011131631
0.00679497757763
0.00688583585236
0.0068403437521
0.00662473044761
0.00700755750107
0.00670179903288
0.00557520862768
0.0108339449249
0.00906222517174
0.0120871751306
0.0114803397157
0.00931472228258
0.00828162102818
0.00701105568868
0.00572880056722
0.00581109536839
0.00537087551771
0.00651561207431
0.00646623080166
0.00597202380602
0.00488144190443
0.00420649672121
0.00577297865292
0.00596529104778
0.00553844049982
0.00610385606084
0.00639650893588
0.00637825261298
0.00701846381645
0.00641184454488
0.00541340219209
0.00539383227513
0.00610630226555
0.00646084100372
0.00625629463705
0.00710514373942
0.00719838057396
0.00679694037045
0.00603894832315
0.00641865119606
0.00668138725131
0.00838784944359
0.00818069549944
0.0105003481472
0.00962272516535
0.0105716752547
0.00967598528698
0.00967422961127
0.0088170062508
0.00968033628095
0.00919895211815
0.0098700472066
0.0110475969391
0.0110431433529
0.0113193884728
0.0104598582579
0.0106420220557
0.0105488649009
0.0115527600046
0.00998668091738
0.0105753578155
0.0131592826313
0.0133400988561
0.0128765747557
0.0106383968938
0.0105066263863
0.0104743431136
0.0106623709708
0.0124260634775
0.0100519342622
0.00959896431707
0.00834133871607
0.00985105776556
0.00817126849329
0.00956275902194
0.00844434321877
0.00952121985115
0.01300218788
0.0108125928819
0.0106314320058
0.0113922151206
0.0129295360266
0.0128845697675
0.0136546856064
0.011936378951
0.012040899744
0.0131374185976
0.012798404717
0.0121223945561
0.0121618564033
0.0125478993868
0.0126712135631
0.0110348249626
0.0124295768208
0.0097970999729
0.011013298476
0.0123592696251
0.0106049468486
0.00842048124006
0.00938734701474
0.00950525136475
0.0073737166749
0.00642323799536
0.00632864977322
0.00596901190427
0.00624945648125
0.00652000337337
0.0068558916784
0.00674078400629
0.00721015800021
0.00801867884312
0.00749704469516
0.00654709055248
0.00708232425188
0.00722183431034
0.0061489795779
0.0067051552948
0.00631905895442
0.00526194960771
0.00709140746757
0.00657443721878
0.00738018036164
0.00622891886135
0.00588549259451
0.00484536368205
0.00590838472246
0.00586094953808
0.00612384652199
0.00503014288264
0.00564831974815
0.00545427635774
0.00419213520069
0.00457951645399
0.00498184208464
0.00541069405931
0.00460926051778
0.00529550068922
0.00416700414427
0.0044428919489
0.00460769293433
0.00503278977679
0.00533780647643
0.00452523536947
0.00461265196993
0.00395381333447
0.00400159171307
0.00379128402754
0.00456104124141
0.00460199157603
0.00546316842119
0.00500621987683
0.00506054358806
0.00539494479585
0.00423423934585
0.00568283795795
0.00558949355231
0.00583416923974
0.00488577867898
0.00481957180028
0.00553034150222
0.00599521068137
0.00566014714189
0.00515857146646
0.00572369578811
0.00513747410099
0.00538379699596
0.00387172532685
0.00234218803572
0.00484413719166
0.00432371072792
0.00468223108445
0.00348667213232
0.00373922918331
0.00442699105308
0.00427862008061
0.00361283681446
0.00441192111433
0.00528608499695
0.00445966959513
0.00436308609749
0.00285122652751
0.00286105903013
0.00417838228666
0.00452854051839
0.00428715542737
0.00403691506235
0.00509749740533
0.00403592663987
0.00331416685827
0.00185273626254
0.0012768373564
0.00369067753614
0.00272405078876
0.00322446710915
0.00352876547236
0.00274587265258
0.00375265076553
0.00456347920415
0.00507779206438
0.00589100326833
0.00532676315432
0.0054577645929
0.00392036228693
0.00527862321994
0.0059735998484
0.0059403839257
0.00457353938202
0.00488426459865
0.00652514278143
0.0047080051104
0.00619133706693
0.00505022787737
0.00594734304424
0.00520000832969
0.00528547734277
0.00528267962108
0.0051850223037
0.00479126933451
0.0047804212448
0.0060331784736
0.0059477267374
0.0057650965665
0.00585695423144
0.00460996313746
0.00323344809195
0.00248985903021
0.00357803336213
0.00310158142933
0.00321967224432
0.00321643331248
0.00270725340769
0.00234612709279
0.00284844341526
0.00320065053295
0.00259705201195
0.00425131963369
0.00506906474298
0.00629193558645
0.00534479347725
0.00590379035667
0.00653784920429
0.00646434009346
0.00657889019518
0.00617829271553
0.00693134878197
0.00563129044097
0.00455197486083
0.00355231857952
0.00319454071079
0.00406022217416
0.00480511924727
0.00397027161774
0.00476940601029
0.00501492303822
0.00435548919135
0.00302668154676
0.0041478909587
0.00403199427131
0.00347203268076
0.00429046411205
0.00357772573116
0.00347419410645
0.00412370482313
0.00427203111807
0.00386224796046
0.00392780571446
0.00400053280063
0.00335666344656
0.00364030779111
0.00359001184535
0.00365711648527
0.00318979035082
0.003085852974
0.00307139607445
0.00276009388619
0.00309203381854
0.00271747308644
0.00265012632133
0.00295920772501
0.0029181378602
0.00316884667876
0.00285604592657
0.00339303507303
0.0027172744328
0.00236738794015
0.00225654080398
0.00196838032704
0.00202725151774
0.00205833006536
0.00190129445739
0.0016261611835
0.00143436481316
0.00194641652892
0.00195308209476
0.00216851863055
0.00211559239594
0.00253445620521
0.00251087413577
0.00199436992705
0.00307602598292
0.00330414509513
0.0033767306064
0.00357315160091
0.00353074156094
0.00370171417379
0.00340645628343
0.00338009752569
0.00285663474775
0.00358263226198
0.00402166191344
0.00378150033414
0.00381644613486
0.00342461943371
0.00348103846041
0.00324950452044
0.00329800612014
0.00343300240284
0.00361502127678
0.00355199359706
0.00381309932655
0.00414761511455
0.00411014721185
0.00435788133827
0.00372940229095
0.00393577313701
0.00343111215722
0.00384607550899
0.00388732093815
0.00384526588104
0.00385029180728
0.00473340605835
0.00424865467724
0.00439721603374
0.00390731961679
0.00386849595248
0.00450720801179
0.00475025420426
0.00430831155438
0.00412440191474
0.00460122470304
0.00498258641548
0.00452317758966
0.0043757380317
0.00384728276847
0.00474500890058
0.0037632597317
0.00407145023921
0.00351421538716
0.00453235610991
0.0045762835779
0.00456801227281
0.00450662691529
0.00475728050468
0.00448076349966
0.00470804019627
0.00439942321445
0.0035112742614
0.00327866038309
0.00407613119685
0.00371438146075
0.0037061487766
0.00369431680796
0.00279877527172
0.00277023137062
0.00236576522263
0.00373780003662
0.00487414661762
0.00527679466737
0.0048672586515
0.00616626034039
0.00721820678548
0.0063472416446
0.00651118262444
0.00587325596033
0.00630087487546
0.00547957297905
0.00526859306178
0.0052708299775
0.0059399914028
0.00502386105607
0.00431168864104
0.00386014988226
0.00434438820495
0.00421614753272
0.00433298228446
0.0046095832871
0.0039118119665
0.00441491757385
0.00416072015961
0.00368147976065
0.00367727007717
0.00276488913876
0.00325390653565
0.00302824115779
0.00321837665664
0.00335628076817
0.00305075350734
0.00310054812365
0.00322584616122
0.00331388407838
0.00330737496644
0.00347111792563
0.003426434915
0.00383177523677
0.00386266409228
0.00469236865444
0.00437815442593
0.00417721914705
0.00413559094284
0.00407692054731
0.00408007149286
0.00416062270914
0.00436655743075
0.00426147122949
0.00371388481469
0.00333889899066
0.00357385094484
0.00333118498438
0.0034132190189
0.00332652812787
0.00272626193315
0.0036678343339
0.0039212884396
0.00410454787444
0.00461440925002
0.00380825996018
0.00366487632591
0.00358920796928
0.00335032461322
0.00368651290544
0.0038016143607
0.00293942678767
0.00312256815345
0.0022193362559
0.00287566022735
0.00236521854391
0.003393262406
0.00300764783037
0.00264712289034
0.00270877377353
0.0024489937457
0.00235469553754
0.00301353838187
0.00372619987834
0.0038661839884
0.00433625375951
0.00385967483404
0.00449064325741
0.00395194705251
0.00330039932985
0.00363201655948
0.00506476907758
0.00458261460325
0.00453503403065
0.00569190766871
0.00516759805421
0.00569013714887
0.00717919806427
0.00738593633854
0.00697141646382
0.00689833774387
0.00655201827947
0.00670085130735
0.00576469498173
0.0074897190295
0.00635732904085
0.00595792620191
0.00527773540412
0.00506560534824
0.00628148383997
0.00741324210429
0.00421721067348
0.00478955043291
0.00632704765322
0.00710264904053
0.00790422873162
0.00783660288132
0.00852237977381
0.00828890145371
0.00721937175424
0.00755150002261
0.00749785308413
0.00603163785414
0.00706401033637
0.00678421328737
0.00684488975862
0.00648687613672
0.00763220800556
0.00640794079072
0.00671456242462
0.00676963403521
0.0068212304703
0.00697174352304
0.00603939292878
0.00557976591455
0.0054612921506
0.00601626115585
0.0064980349748
0.00620611765332
0.00696549106419
0.0063970260433
0.00725950660857
0.00575373869273
0.00589216360438
0.00592273858121
0.00574902561691
0.00459123390949
0.00472848034532
0.00563046453062
0.00500572485567
0.00546798659261
0.00465695775012
0.00467414182105
0.00440315927777
0.0044752720988
0.00465111053285
0.00419339416024
0.0049180377517
0.00481388146947
0.0042479353039
0.00468206422749
0.00527208311907
0.00601622947479
0.00612924993573
0.00586195878282
0.00510185690775
0.00506005385083
0.00460508850515
0.0044812715793
0.00445761402315
0.00475995364457
0.00487745079059
0.0043621912615
0.00472291411555
0.00511490008999
0.00555166689935
0.00600910592938
0.0052370808574
0.00327361009585
0.00378601215653
0.00396781626018
0.00438685036113
0.00516863251903
0.00565966670552
0.00765297154698
0.00797166561861
0.00738630330692
0.00711558506059
0.00744665268355
0.00741759142425
0.00814243700794
0.00773424952815
0.00763599700902
0.00830379389366
0.00742847645358
0.00723809793454
0.00652479129231
0.0061854986755
0.00651300317679
0.00539455735277
0.00613127996864
0.0062367484036
0.00602965936696
0.00707210980536
0.00745479330707
0.00713146296934
0.00757216149188
0.00867539348562
0.00902629179768
0.00914482794798
0.0083392818314
0.00873692472992
0.0102408069259
0.0100489999432
0.0104448928156
0.00978089987897
0.00946535544864
0.00872696456032
0.00846044499569
0.00847734226917
0.00773328843303
0.00816931437705
0.00773242839747
0.007198106223
0.00850323283453
0.00826864820388
0.00679173198357
0.00750031650574
0.00789391865114
0.00882217449291
0.00804240701521
0.0111372209381
0.0100775574597
0.0112911870764
0.0105107836235
0.00981445494166
0.0107861875396
0.00895405944948
0.0107732095342
0.0111775576334
0.011405346729
0.00927552693128
0.0087444188138
0.00859671592437
0.00911763917076
0.00902037372268
0.00795244804342
0.00756286266302
0.00734538963444
0.00667165884336
0.006350112951
0.00549033573607
0.00588103125089
0.00599909948009
0.00579869803693
0.00672106633173
0.00664190257602
0.00594981736059
0.00481674650883
0.00432154018182
0.00452449504623
0.0036220077056
0.00358050630567
0.00411058794436
0.00338214269191
0.00433735632685
0.00405585689612
0.00411459060458
0.00434054644221
0.00375115481949
0.00498186597708
0.00486754510402
0.00449032594576
0.00394065420089
0.00417554448022
0.0057215526547
0.00572758469323
0.0049596826581
0.00571604109959
0.00588776962393
0.00526733791503
0.00544155702703
0.00576761291935
0.00657743167161
0.00601529781044
0.00481377507428
0.00428934144418
0.00520799281623
0.00495395251424
0.0047798460824
0.00637427385532
0.00510474477135
0.00504364341777
0.00461498323435
0.00377821083314
0.00386423577921
0.00282772744255
0.00328125219176
0.00468278093883
0.00391761932975
0.00350481764532
0.00552155012046
0.0045904020332
0.0054580824144
0.00703693525256
0.00759508321934
0.00574370744307
0.00608246448258
0.00552587685224
0.00641552427038
0.00409153607479
0.00303517068534
0.00374428673987
0.00387550109452
0.00355541769074
0.00413721545581
0.00414632444553
0.00389918976994
0.00406908113517
0.00385905364804
0.00313517760078
0.0042851563099
0.00448581126835
0.00485540798484
0.00408508706163
0.00381343727054
0.00446760635348
0.00422930491488
0.00366998931148
0.00373373476892
0.00335915463979
0.00393783073165
0.00409294451908
0.00357128875325
0.00365991777799
0.00326100383163
0.00348302268073
0.0033325867874
0.00288319235545
0.00282643289823
0.00263727757329
0.00303176800756
0.00409421866432
0.00390170580622
0.00291789486776
0.00217039690182
0.00263185001414
0.00205389553382
0.00226739772451
0.00236103572802
0.00243559162389
0.0029621451562
0.00232399584003
0.00314019864056
0.0025637695302
0.00237319999491
0.00292284548455
0.00220710503285
0.00310791734463
0.00277538964423
0.00298942213072
0.00161088954165
0.00093669161872
0.000936286028211
0.00163018128885
0.00132809998504
0.00161108557833
0.00149649187873
0.00112496063722
0.00134161384185
0.00144838983252
0.00159801765512
0.00078625558038
0.000329245526519
0.000376864620178
7.23754193007e-05
0.000115179898232
0.000180576229181
0.000123230859845
0.00044184720482
0.000146027288528
0.00010244200852
0.000293836063791
0.000373236517515
8.75510083604e-05
0.000177435794532
0.000114940643168
0.000392468252191
0.000276215982359
9.17539321489e-05
0.000222928118824
0.000313315015814
8.86234696402e-05
7.31111404326e-05
0.00010724570151
7.58560558651e-05
0.000298570575421
9.79196446755e-05
0.000251002927905
7.56680449226e-05
0.000236517864685
0.000201773723335
0.000308357841263
0.000111371807618
0.000651957914928
0.000809483368898
0.000657548379375
0.000752927137286
0.000834285941037
0.000132903601834
0.000155828060004
8.95292754061e-05
0.000168273389993
0.00024787564866
0.000375786986316
0.000247042530611
0.000243987049174
0.000248896847727
0.000190855559993
0.000180836656216
0.000103870611023
0.000173874233677
0.000405178244753
0.000314537510752
0.000315747735002
0.000116681252183
0.000114968245877
0.000518295799778
0.000227374216967
0.000443041948966
0.000497543197874
0.000945278396943
0.000834899835116
0.000946784043746
0.000609411837691
0.000696377486419
0.000557592969519
0.000917932709554
0.000753709802592
0.000762199798749
0.000672128539094
0.00064991475002
0.000854105375314
0.000986132546406
0.000388442608345
0.000280222550068
0.00019654040065
0.000151898076174
0.000223631432179
0.00048768099033
0.000287491403089
0.000234434761847
0.000240846713816
0.000158585300304
0.000368895765473
0.000197746967563
0.000175830811726
0.000455696913949
0.000839243444472
0.000583671429666
0.000817868142086
0.000737298365776
0.000360349187717
0.000652081300924
0.000373835878164
0.00108150565586
0.000879074291287
0.000662639083247
0.00100472196945
0.000857209952894
0.000566228010787
0.000274016446227
0.000355142071978
0.000325934921823
0.000443925230684
0.000868552821459
0.000899768001135
0.000770855035181
0.000955968978528
0.000918405518168
0.000446743054634
0.000283217946285
0.000331224666596
0.000248666914822
0.000541437363148
0.000469741999349
0.00031836008078
0.000372877696982
0.000370051287161
0.000625562002365
0.000697595782791
0.000640299301336
0.00069715957065
0.000869772949175
0.000884410224984
0.000603301413626
0.000712665393943
0.000592520113942
0.000964159080362
0.00105899351569
0.00106038002619
0.000919866401081
0.00086638178236
0.00086918316407
0.000781636903089
0.000765669039351
0.000692430704124
0.000859225190377
0.000802886311533
0.00125022608908
0.00152217566947
0.00143484558287
0.00137698909569
0.00149590730313
0.00176807733364
0.00167502224733
0.00172178680421
0.00252641584497
0.00264689429783
0.00257892744707
0.00244570540845
0.0020559295965
0.00232652041497
0.00226247219178
0.00212712909656
0.00210500334459
0.00203967227382
0.00230584538285
0.00154146016686
0.00172874837033
0.00188530950772
0.00168391583882
0.00184744015799
0.00201410541686
0.00206906315629
0.00160628309106
0.00214637662025
0.0017335620865
0.00164784352147
0.001935238021
0.00168307195946
0.00182525908557
0.00192066123062
0.00190236293171
0.00206306215724
0.00211511446285
0.00208609104907
0.00206517836887
0.00241013451528
0.00200348717923
0.00241142151859
0.00227620524367
0.00257212308985
0.00322200993036
0.00311238369918
0.00293978733401
0.00284846682795
0.00362216310293
0.00379923115427
0.00406119989944
0.0049186988283
0.0041702461807
0.00344531129125
0.00370647360489
0.0028344954937
0.00212368206535
0.00285241897992
0.00287518143207
0.00333035615322
0.00269705228608
0.0032784230679
0.00430435775563
0.00450911423947
0.00438355628396
0.00422793121065
0.00275867688444
0.0032800278765
0.00345947466215
0.00249144185666
0.00357730423176
0.00348676972741
0.002620364353
0.00296314166121
0.00245678986877
0.00371500715213
0.00388271168994
0.00299188625758
0.00299002480941
0.00390258243123
0.00284296933858
0.00235153116297
0.00235357844662
0.00172157032643
0.00258332835504
0.00249513583667
0.00294353536091
0.00250172257947
0.00236007632689
0.00153732823187
0.00168045397851
0.00161074884554
0.00188888644275
0.00136241389374
0.00178445447982
0.00170444276333
0.00171073030282
0.00241587477038
0.00254411955868
0.00176800876308
0.00202562994373
0.00127042960165
0.00130222062856
0.00168414409225
0.00219927333789
0.00157541069332
0.00164297904865
0.0017037812979
0.00125084871164
0.00171783107963
0.0015488885714
0.0014514680188
0.00153392595993
0.00108499192988
0.000889796525854
0.000712595531109
0.000916672694211
0.000372021014529
0.000460635092788
0.00029291837108
0.000192838545361
0.000157774999463
0.000168348956324
0.000220959092067
0.00028523155367
0.000394104406441
0.000495483224005
0.000435636652288
0.000577425260622
0.000425218194928
0.000369202423572
0.000208615384406
0.000369233223492
0.00015965087586
0.000154328029012
0.000256719862776
0.000215165039132
7.81489175733e-05
9.63553021943e-05
0.000117525485215
0.000139211448179
2.50737305295e-05
3.96170360975e-05
4.57440506904e-05
6.6197294113e-05
0.000145082169181
0.00015110558068
0.000166874479039
0.000299894421839
0.000367847634298
0.000497368145748
0.000641980006294
0.000641056093919
0.000220170899814
0.000233455459411
0.000301681006601
0.000133895676744
0.000133678842901
0.000235056753544
0.000151656149125
0.000246435447999
0.000212200926046
0.00014579005045
0.000266251475095
0.000160464506195
0.000126151411862
0.000216805288432
0.000235197523003
0.000175680664058
0.000213781903099
0.000155239984904
0.000247110148748
0.000252897179025
0.000210641307003
0.000258822659195
0.000369632483084
0.00064734057346
0.000764684678023
0.000607478492335
0.000484553370398
0.000519655305513
0.00011696720506
0.000260929062141
0.000182503522942
0.000210881911444
0.00014102346493
0.000125449380358
0.000228912813248
0.000200708151002
0.000142526921011
0.000125780954599
5.93352127709e-05
6.35509282988e-05
4.27991170189e-05
4.14346066656e-05
6.36688912782e-05
5.7298958942e-05
9.51637071986e-05
0.000115912947264
9.52808820645e-05
0.000151441051184
0.000149258368852
0.000160114464122
9.78216352892e-05
0.000194641140885
0.000225687913742
0.000210789882506
0.000164437677902
0.00018291764846
0.00023665703016
0.000105040882383
0.000152972093138
9.95407621323e-05
0.000132202032311
0.000151146046864
0.000138356275065
9.78550624516e-05
0.000114791661565
0.000328657126342
0.000343242775642
0.000438829774471
0.000349987132391
0.000549049492125
0.000384327620657
0.000350154369295
0.000396543668
0.000576906876008
0.000404038187946
0.000493138222113
0.000618908185912
0.000607750247017
0.00059037632448
0.000564655769355
0.000552604741329
0.000654566566617
0.000821494266187
0.000725688448873
0.000559749856002
0.000776489820454
0.000808343016048
0.000575732145248
0.00129413824632
0.00169940237009
0.00232372442221
0.00255238944014
0.00219889304449
0.00212026277118
0.00265259321561
0.00204357308518
0.00213844262307
0.00222070917429
0.00199796432745
0.00241140437581
0.00297120787733
0.00255257165548
0.0022587927717
0.00206899801324
0.00173057967549
0.00200013215089
0.00313890771807
0.00255144652843
0.0025860253262
0.00309030077953
0.00155237407377
0.00159353501002
0.00155736833445
0.00179131874156
0.00178567058259
0.00141888830741
0.00052018854878
0.000606596382308
0.000541048592053
0.000368257306939
0.000473952797626
0.000623869069009
0.000443149557667
0.00102885807244
0.00072917083931
0.00108101805776
0.000494076747292
0.000721721124669
0.000671754897413
0.000816996102774
0.000627884289105
0.000650420341026
0.000732483491323
0.000790607473508
0.000690003789612
0.00038741028219
0.000406755217548
0.000549131577115
0.000644338737609
0.000414357815719
0.000652395398036
0.00131043045345
0.000969366667736
0.000876328476315
0.0012946567025
0.00118710686586
0.00112825642544
0.0011502692577
0.000870965930256
0.00102709240979
0.00112696242868
0.000792297247542
0.00120265568818
0.00130248349142
0.0011940744687
0.00137656414422
0.00176800085205
0.00206404543126
0.00197193354785
0.00256571387522
0.00247796008946
0.00178408152532
0.00190387302289
0.00197955253692
0.00229779822955
0.0027535490141
0.00262461706785
0.00258679806955
0.00236624355482
0.0024871476112
0.00219136036625
0.00251423681919
0.00251222307555
0.00224450309202
0.00192166677337
0.00182016976851
0.00227100301395
0.00227324811117
0.00221015330254
0.00208615838157
0.00197262470946
0.00207539467103
0.00225997325636
0.00244230127304
0.00281965832437
0.00278060791615
0.00301566633435
0.00316248279871
0.00345703373834
0.00395139409067
0.00358146310818
0.0033933541008
0.00355640667107
0.00342963645091
0.00338178216779
0.00380167436148
0.00340312350897
0.00327224857046
0.00292457742522
0.00330578196351
0.00286673235572
0.00264482841396
0.00308583271174
0.00504598206433
0.00434735223563
0.00455819004035
0.00470346762073
0.00506087088469
0.00545575159535
0.00528238033994
0.0055040138653
0.00540304410686
0.00539296588706
0.0056662994845
0.00622455346532
0.00566570318672
0.00559401796095
0.00544195275282
0.0050117948889
0.00526301589586
0.00520532893112
0.0053510005111
0.00509665639961
0.00511768430258
0.00557965929694
0.00511351268671
0.00434594323612
0.00499253128602
0.00596525129581
0.00572416308283
0.00543348580314
0.00529348271466
0.00620006613423
0.00447479983205
0.00473846911647
0.0039363595525
0.00458383656003
0.00524366518125
0.00549842233889
0.00555296596492
0.00493593817496
0.00464340988567
0.00456468341711
0.00501736401915
0.00490818392006
0.00489646768499
0.00415315096492
0.00516927028158
0.00507183377346
0.00517945921608
0.00521951539155
0.00523602703603
0.00508557447758
0.00509714850503
0.00571768642735
0.00419908355705
0.00459952457628
0.00411886729341
0.00506701370634
0.00416972458559
0.00379653981052
0.00369138998966
0.00364705076047
0.00434955089196
0.00383767132949
0.0041254577752
0.00379992480947
0.00400701760309
0.00364014446732
0.004207686134
0.0034005611645
0.00366807911378
0.00358055120928
0.00337144284758
0.00327613919865
0.00349596576262
0.0034161908589
0.00484809004469
0.00442574140363
0.00380196082902
0.00399517028223
0.00359534207598
0.00429684357607
0.00432950771218
0.00439723297113
0.00348170952686
0.00402481568314
0.00432229016934
0.0033030117249
0.00428537038232
0.00434183948922
0.00447719547992
0.00491117124729
0.00461019721711
0.00499098586877
0.0053141770586
0.00506126024288
0.0050152693422
0.00536754193005
0.00537003180874
0.00494878741862
0.00388358659181
0.00394795099717
0.00424204758114
0.00368042413816
0.00417263234594
0.00429917798929
0.00490695645045
0.00491889519433
0.00485373174171
0.00524447400286
0.00571855382529
0.00532177659954
0.00605006719012
0.0049448385983
0.00467640798591
0.00381156072528
0.00479627539181
0.0036828463328
0.00382265898634
0.00418571940174
0.00410530785366
0.00389321672106
0.00394985092096
0.00419322848354
0.00447086831901
0.00410870416927
0.00450266554032
0.00443325894725
0.00510007213691
0.00501389584366
0.00392686404925
0.00352175982006
0.00315482290613
0.00368156832093
0.00327987807631
0.00338655756704
0.00312118734212
0.00464266022084
0.00471786466118
0.00427679943724
0.00425161220868
0.00526412988661
0.00517377801775
0.00463613828596
0.00474283167848
0.00422543759781
0.00550223155319
0.00585040147929
0.00584497611998
0.00568093182
0.00450132798165
0.00505310428149
0.00519621930869
0.00517585312166
0.00458415389744
0.00448549065994
0.00299818185976
0.00306111712265
0.00314182775665
0.0031934201341
0.00295070669022
0.00331712859921
0.00316271326202
0.00337950861015
0.00340679654214
0.00359752134174
0.00315303393148
0.00379116661837
0.00409916734525
0.00469784876578
0.00435165499597
0.00442370253354
0.00457743068441
0.00461649681031
0.00466280981007
0.00477622972271
0.00411764703597
0.00425866590394
0.00434678914293
0.00370067767826
0.00399288976985
0.00398380576071
0.00434477749846
0.00448809365053
0.00451837489344
0.00376343824044
0.00396993160067
0.0042725752468
0.00408053068311
0.00324891920888
0.0039660746117
0.00349072926434
0.00374697223282
0.00402779205974
0.0043517350148
0.00398477017381
0.00422440582968
0.0052101871399
0.00389549978495
0.00498179767173
0.00557253455571
0.00479987452601
0.00531515269364
0.00548229314696
0.00408438768809
0.00467887511051
0.00498032442699
0.00515034378416
0.00695478043353
0.00670374064632
0.00656450678724
0.00667816501572
0.00703473954545
0.0071399593645
0.00791198847282
0.0074350388722
0.00755955725383
0.00791813553793
0.0063449016842
0.00754713871788
0.00725441023398
0.00729567580046
0.00704042646361
0.00794766496064
0.00822031706569
0.00768807821557
0.0078382974655
0.00691908133668
0.00681899333777
0.00709790091644
0.00629879101653
0.00620644336623
0.00768203275145
0.00785689485193
0.00834845443805
0.00794021797449
0.0075918801464
0.00828628723498
0.00914047040597
0.0072465170271
0.00635815525274
0.00646400370431
0.00632286332934
0.00570626708684
0.00630040540844
0.00598605576984
0.00591061757845
0.00589104364864
0.00614545739724
0.00607338932395
0.00635454984079
0.00647358955258
0.00651576962565
0.00755400863879
0.00646274757051
0.00687731403216
0.0062665641599
0.0049569319771
0.00441892734445
0.0053862959284
0.00516921263616
0.00517393188824
0.00535527347237
0.00541785188843
0.00517395888453
0.00602676331895
0.00560328787259
0.00462845407321
0.00445963131632
0.00420956794867
0.00374803037745
0.00368591550221
0.00395289836645
0.00322517797005
0.00325469161093
0.00300798096906
0.00303745226008
0.00330050798129
0.00314779142566
0.00291807669677
0.00367723846033
0.00300947674335
0.00297652071467
0.00300895246755
0.00333337805534
0.00345140199117
0.00337245558714
0.00312273298325
0.00288359185073
0.00261216774274
0.00274435332634
0.00233102848694
0.00237580662588
0.00247056839824
0.00252653716293
0.00265324887953
0.00224935947712
0.00303880424161
0.00319489976726
0.00326062213833
0.0035609045414
0.00371298145791
0.00336257104439
0.00361020735615
0.00256239053759
0.00277441940021
0.00292446864576
0.00294370771627
0.00229798943811
0.00225644503858
0.00219675722997
0.00165667470032
0.00158911375095
0.00171032410424
0.00162415359753
0.00177258055121
0.00164811151612
0.00146534783269
0.00163493763845
0.00172927885037
0.00129258879729
0.00135095370353
0.00137844586243
0.000974049585663
0.00280538787655
0.00239072152975
0.00303355132646
0.00279019728517
0.00253405115968
0.00287965116381
0.00287130373484
0.00352114868375
0.00315758271528
0.00411377806204
0.00423312368526
0.00520451033907
0.00505724599872
0.00497564234457
0.00508725107902
0.00486648022001
0.00625170340952
0.00621191524108
0.00598585044255
0.00580796673513
0.00591429701654
0.00592197396811
0.00564776430157
0.00629320702804
0.00577074539502
0.00579283409109
0.0066936245704
0.00692900268058
0.00612750266572
0.00662712439646
0.00593444732666
0.00620804752551
0.00567385290798
0.00625515928867
0.00682858696578
0.00715510228244
0.00714294132717
0.0074849198783
0.00812703647036
0.00837412055832
0.0083287255378
0.00871666782759
0.00854951824092
0.00858665508264
0.00853933680551
0.00777101622199
0.00780953502792
0.00885773295062
0.00960594150934
0.00997253398268
0.0106468441696
0.0109058951689
0.0108000882218
0.0114965608596
0.010775197478
0.00990384022387
0.0107088017468
0.0112555282277
0.0112088841622
0.0112175144162
0.0127764344356
0.0125318691259
0.0128952844037
0.0119894408194
0.0129789018123
0.00990644294253
0.0108748212754
0.0102741665242
0.0109817992338
0.0101866630177
0.00901947238766
0.00896169250905
0.00883306766573
0.00831288088847
0.00872176122474
0.00914360094997
0.00918860181945
0.00902240083025
0.00890450680333
0.00967956959076
0.00953405409258
0.00919562403298
0.00920047603711
0.00866473489744
0.00933061498719
0.00871914595469
0.00910308921992
0.00834834458887
0.00920636825886
0.00903174704867
0.00951903691361
0.00961459320564
0.0114595518398
0.0111086818639
0.0104486893951
0.0094943150628
0.0109158960534
0.00986905719104
0.0103273511292
0.0108130953562
0.00850543024053
0.00992455013905
0.00886483325871
0.0102304783693
0.0104331969249
0.0103644823305
0.00839851519458
0.00929335205153
0.00819782607533
0.00742885228775
0.00671322119604
0.00632439420176
0.00661905752997
0.00683925424291
0.00722399155658
0.00635952562473
0.00712593659576
0.00652487453062
0.00665779784253
0.00703755348209
0.00582817144026
0.00537973147004
0.00566795608933
0.00589524308035
0.00630593127995
0.00597582988385
0.00543592585908
0.00541989374726
0.00505481247868
0.00726864551854
0.010587794206
0.011229300049
0.013747856405
0.0124623289661
0.00959802633053
0.00922913756427
0.0103972366401
0.00977123013673
0.00906059853379
0.00866730027926
0.0116567578442
0.0109561891106
0.0113670215201
0.0111672620183
0.00987912087763
0.0109806396192
0.00977012061137
0.00950640087687
0.0071278982899
0.00676391461538
0.00556204204835
0.0073482199132
0.00596284720039
0.00648093798566
0.00609942637656
0.00730149835874
0.00777017640033
0.00646387571967
0.00496544999334
0.00459853932028
0.00546176333602
0.00761275461299
0.0062032838751
0.00611464131192
0.00790324809985
0.00699889175083
0.00614550044519
0.00723011628624
0.00729359611536
0.00829484440371
0.00787852699675
0.00799841593455
0.00879743736283
0.00804844696711
0.00787018703926
0.0075367999468
0.00731576107856
0.00772867428583
0.0109310779184
0.0101893336052
0.0105028216433
0.0110111414201
0.0115079621304
0.0103609040651
0.0115127106556
0.011807323898
0.0119899678691
0.013569381294
0.0171746350504
0.0179331711644
0.0204274310635
0.0200435331806
0.0202448163803
0.0202784807427
0.0194266137789
0.0183143871833
0.0170515509182
0.0216677968872
0.0214719749007
0.020227331563
0.0205413748333
0.0214348821363
0.0182959069348
0.0158091278134
0.016049000825
0.0169105051966
0.0160387795064
0.0167105958566
0.0151078281283
0.0164620444703
0.016675412641
0.0157699001063
0.0193791855119
0.0178794448186
0.0179068767975
0.0181019052882
0.0164226249565
0.0164959707578
0.0157312395898
0.01590198756
0.0160946202113
0.0164296241308
0.0159541765804
0.0164517164541
0.0169897671128
0.0168852712929
0.0174552291089
0.0175502538761
0.0164963963411
0.0184656764233
0.0178257247206
0.0187149705696
0.0193159347703
0.0197247464433
0.0199092714578
0.0203011493616
0.0203936821533
0.018744003565
0.0185485919958
0.0215529973107
0.0207261576652
0.0209605331729
0.0214335112195
0.0204498488971
0.0215613937783
0.0213291221926
0.0194184075355
0.0188854415285
0.0202462512581
0.018929108956
0.0186856524396
0.0190069520221
0.0189736859213
0.0195808484279
0.0188596635622
0.0193946415578
0.0170070595985
0.0181263258335
0.0181934378589
0.0187140081758
0.0184172124151
0.0183908961802
0.0182948197753
0.017304489716
0.0173950785795
0.0176321690668
0.0181874154548
0.0179066736674
0.0187706582116
0.0184893361033
0.018216005769
0.0181580487851
0.0191268091875
0.0173914730014
0.0177229484232
0.0171736501836
0.0167063849965
0.018284286901
0.0188789996065
0.0176754689497
0.0185730386858
0.0182892560808
0.0180734780152
0.0176032711204
0.0187133663135
0.0191147377714
0.0184193450395
0.0188198497275
0.0179513682501
0.018148293431
0.018713245089
0.0185625839692
0.018360367834
0.0189730961506
0.0166351926534
0.016917936039
0.0164358415807
0.0144586345978
0.0153126475083
0.015103376723
0.0155561868483
0.0133415209922
0.0146873109048
0.0157502999526
0.0158828937185
0.0158266255999
0.015616595101
0.0148942267426
0.0148267617184
0.0144651070671
0.0140752966361
0.0138554801445
0.0138179455822
0.0147033988836
0.0138902643539
0.0115669992754
0.0117023790762
0.011807995494
0.0117615939898
0.012077771586
0.0114427877424
0.0120249824906
0.0133873414323
0.0147751024451
0.0142071257154
0.0136020270461
0.0128014457322
0.0138825146687
0.0134084745824
0.012306978877
0.0126101879964
0.0122328829872
0.0120695609294
0.0126117450759
0.0128579979895
0.0130578777595
0.0133263870232
0.0138536361212
0.0135637751839
0.0134538270886
0.0135789105659
0.0128855650953
0.0131586436096
0.013323022576
0.0136881854033
0.0136445352542
0.00918786959454
0.00977887191097
0.0101386966688
0.0109543714575
0.0105990167034
0.010790761029
0.00995188688658
0.0100441430467
0.00947923652957
0.0100964802111
0.0104055945045
0.0105218287832
0.0105955909391
0.00947735348464
0.00916516614803
0.00977462473243
0.00968736095269
0.00795845692459
0.00849853539241
0.00735658197702
0.00659085981211
0.00607448454836
0.00623974582448
0.00581582307284
0.00528843583185
0.00464448677501
0.00511516189011
0.00521707312289
0.00533896481028
0.00522717185206
0.00505904164818
0.00543523625168
0.00517558836174
0.0047343634343
0.00492277828248
0.00485218708021
0.00522029256166
0.00518551569938
0.0051285846202
0.00568308696107
0.00522069756374
0.00469051032353
0.00465073074848
0.00496997094795
0.00512959499547
0.00508222477215
0.00433587932073
0.00426250772291
0.00434045662653
0.00406638968839
0.00434664028542
0.00418395597346
0.00448793190118
0.00425190004946
0.00406383979677
0.00415979291661
0.00393172415039
0.00371855109959
0.00381839687933
0.00377743013156
0.00377655011757
0.00365156170411
0.00327928111482
0.00402850889709
0.00391413432153
0.00432141773954
0.00480754805631
0.00579259135496
0.00538653674207
0.00565072542143
0.00601995734378
0.00666647941028
0.00618340084781
0.00607850716117
0.00602091459522
0.00584985187995
0.00579355120883
0.00558980867249
0.0060513068333
0.00572698791506
0.00563274167041
0.00592707975626
0.00520137696525
0.0056681678064
0.00557451574631
0.00542695540729
0.0055423274545
0.00577819769411
0.00561298150355
0.00576788305042
0.00589603801472
0.00582294398558
0.0061905834632
0.00642952353562
0.00727923308395
0.00652947224559
0.00626000636339
0.00641440484706
0.00692018690338
0.00690557276538
0.00694243952809
0.00669609287373
0.00620581059363
0.00639838245208
0.00671210734392
0.006443181107
0.00707354791704
0.00622593760852
0.0059976141814
0.00644046819604
0.00685865771204
0.00645538305056
0.00628043836551
0.00566250431667
0.00554140205133
0.00589389612802
0.00625561160345
0.005679506129
0.00566173283347
0.00516141703564
0.00488274743709
0.00569364628054
0.00575188071938
0.00538149403066
0.00580551770122
0.00605425587671
0.00620443860861
0.00643037869256
0.00600280237486
0.005221442487
0.00568578605346
0.00602166173394
0.00524022567161
0.00502926736266
0.00493650544314
0.0047241964368
0.00479418765868
0.00489618823489
0.0052898529848
0.00530744259574
0.00559154213834
0.00445906805828
0.00476642279417
0.00533188770399
0.00531461549329
0.00517039281776
0.00518259073763
0.00579763974869
0.00515281514432
0.00485244212308
0.00481535615808
0.00458042709295
0.00386208564878
0.00396690233662
0.00361929134403
0.00391890590594
0.00386173409739
0.00402014110416
0.00357862162566
0.00352344651011
0.00308739228233
0.00228191347053
0.00202681407843
0.00196902138442
0.00216622176564
0.00233172598987
0.0025319307116
0.0021789280058
0.00185519311219
0.00177007079836
0.00203704863128
0.00243775657878
0.00220283050633
0.00208052362941
0.00261773217605
0.00234926374889
0.0025782436106
0.00208127147933
0.00222101948912
0.00191792508902
0.00261527032563
0.00179753191385
0.00208930918783
0.00185293078856
0.00201650131486
0.00191684653757
0.00209273579169
0.00196184164566
0.00202288556862
0.0018403446932
0.00193305480753
0.00219073455027
0.0023055605288
0.0027778167944
0.00266108347765
0.00261379401791
0.00269152068641
0.00252500624739
0.00250623862366
0.00273641704167
0.00309261246144
0.00335079530253
0.00280140873542
0.0029585968381
0.00298912721016
0.00302861848226
0.00327347482485
0.00328874869531
0.00301100872231
0.0043864747442
0.00440606935503
0.00481285328598
0.00424470938833
0.00430677872251
0.00360482239967
0.0031797311154
0.00347029930367
0.00267508938635
0.00338728701083
0.00396874766058
0.00360384490017
0.00356340947413
0.00370483265449
0.00345204013467
0.00329051443685
0.00360417233428
0.00287469313239
0.00318742400148
0.00273818846695
0.00211154558975
0.00219080010819
0.00258679190561
0.00332558140912
0.00316548979496
0.00319556015606
0.00303014450494
0.00312313031441
0.00304804242052
0.00318164661125
0.00319059774406
0.00317852234971
0.0031030749943
0.00418447906493
0.00465561295947
0.0046639049162
0.00478109937324
0.00363625266552
0.00400551892992
0.00361712743838
0.00288239387624
0.00291750511599
0.00342342601358
0.003268861681
0.00364991648344
0.00480621566422
0.00385572412178
0.0041667208853
0.00431510919823
0.00372716027236
0.00421970153948
0.005141406842
0.00535761887919
0.00525946050156
0.00509535576669
0.00464453197435
0.00441531422073
0.00386634679807
0.00268245079042
0.0036923940284
0.00363605973595
0.00416437340639
0.00348719430673
0.00423187509906
0.00402569355452
0.00465639709886
0.0038231064064
0.00471094546337
0.00419357541273
0.00400397498523
0.00429151432127
0.00433579942998
0.00438626775898
0.00456448460801
0.00395365058356
0.00503349056357
0.00543864413562
0.00533135462777
0.00530825955992
0.00557095610878
0.0054609994339
0.0069730682231
0.00781263623643
0.00708328501467
0.00705007718063
0.00649667167046
0.00704675032422
0.00677691532829
0.00741312998634
0.00642476800985
0.00637412741186
0.00676207600249
0.00618207769925
0.00543838228671
0.0055934269812
0.00619882193258
0.00688396865345
0.00660190373879
0.00536001820387
0.0046765455331
0.00491509890079
0.00458723836129
0.00455550681592
0.0054842493181
0.00478229419063
0.00482275170497
0.0052760015892
0.00469075426737
0.00522983273872
0.00542491734279
0.00474732939976
0.00435451364344
0.00549418108562
0.00387108238803
0.00534773628442
0.00462515947252
0.00482837643291
0.00647806290658
0.00569022318528
0.0058923391437
0.0058650521039
0.00599483455772
0.00574889135327
0.00574132946576
0.00519396095277
0.00497416550442
0.00539083338042
0.00510820937974
0.00413653085968
0.00423476319399
0.00495697467046
0.00515124851542
0.0043309846379
0.00407623725
0.00412764890623
0.00603576063489
0.00620278776959
0.00527184765622
0.00548634211032
0.00412120803423
0.00675623254851
0.00705454363033
0.00676481395225
0.00737198280522
0.0072271344366
0.0055250268828
0.00406893225514
0.00468948827265
0.00442205907837
0.00592520893071
0.00568195961672
0.00734533879926
0.00785055713303
0.00780779807754
0.0051206815501
0.0058235370844
0.00600856935239
0.00527544327237
0.00415300700779
0.0046647314477
0.00417176473777
0.00375751723156
0.00415185541187
0.00380708790515
0.00287549676004
0.00261463900123
0.00281908834487
0.00198363713677
0.00258518067789
0.00268762550613
0.00300410246909
0.00341853048887
0.00331410747882
0.00341628809311
0.00475395749707
0.00376043885528
0.00446910978535
0.00278810443058
0.0027599392033
0.00291087502309
0.00222486492542
0.00149580974883
0.00220957630433
0.00176399845971
0.00205100087614
0.00272752460397
0.002896428844
0.00294738395732
0.00269036734141
0.00213114997254
0.00217470126767
0.00217983434018
0.00215284124864
0.00245676422851
0.00218608192709
0.00279691971729
0.00240326683455
0.00233332345928
0.00177262743272
0.00218135569982
0.00193734835962
0.00227193283057
0.00226419884666
0.00200606278449
0.00190950592945
0.00287938891019
0.00280320893018
0.00282097331365
0.0026776514693
0.00285405278709
0.00263815721713
0.00256940303625
0.00315219507473
0.00359373217894
0.00301558737177
0.00275778887172
0.00335708133822
0.00356625309263
0.00364338530673
0.00352459317912
0.00373236562966
0.00373709914635
0.00348962209503
0.00379210222078
0.00386963422776
0.00345020541483
0.00400013639877
0.00417110938486
0.00528380136334
0.00556253582136
0.0051982528693
0.00470549707703
0.00490073626952
0.00477201283775
0.00443192801799
0.00457348709801
0.00481520431722
0.00507930682505
0.00527565032441
0.00549536153366
0.00628233266645
0.00543297564337
0.0057200645691
0.00584655963698
0.00556976167491
0.00528332301809
0.00559437984824
0.00530484175439
0.00482714428378
0.00523290569266
0.0052298258683
0.00523542824509
0.005233829024
0.00482060837732
0.0040254015232
0.00395527040006
0.00423084855959
0.00428306964383
0.00494250826689
0.00426552291149
0.00334121579244
0.00378057282835
0.00446088197335
0.00417575776493
0.00384193349549
0.00421842307574
0.00454771556547
0.00405314334168
0.00499563413545
0.00538235276524
0.00519122364582
0.0053179989471
0.00520794718539
0.0049951126053
0.004841531941
0.00520865650488
0.00537963272544
0.00632665403591
0.00581653164877
0.00570943689203
0.00570055167194
0.00468390462358
0.00473710161144
0.00475666515608
0.00516575995622
0.00447854060961
0.00439250605675
0.00477370513911
0.00449481196197
0.00443900198506
0.00428055950336
0.00438696884445
0.00428787636624
0.00452825523871
0.00355980381455
0.00368177406898
0.00360697827409
0.00344003295566
0.00313985917791
0.00343120238325
0.00314623564614
0.00361221732323
0.0033705061157
0.00325433905909
0.00362988799668
0.00363781257279
0.00340035361503
0.00357024711165
0.00283413304581
0.00281866072972
0.00271255842414
0.00246530519826
0.00253840924232
0.00263036258332
0.00256020398714
0.00224756169321
0.00220721901543
0.0020149922763
0.0025731801539
0.00231452096923
0.00228427813064
0.00256412859268
0.00242487842181
0.00250466584838
0.00219555374849
0.00199654717074
0.00212400160333
0.00245532415546
0.00183737995599
0.0020090832017
0.00204718697225
0.00214630527582
0.00203262539974
0.00199170702005
0.00165998460469
0.00186185026199
0.00191226289824
0.00183246358966
0.00213499810364
0.00203625961834
0.00238763835075
0.0025416731369
0.00287298742329
0.00245392974708
0.00264750063221
0.00286153678762
0.0026610820551
0.00269626796039
0.00250265000338
0.00241384487868
0.00229110283818
0.00231381043657
0.00261732683906
0.00232735817627
0.00209012912851
0.00181894078648
0.00193175886855
0.00170108848487
0.00165502979974
0.00136776393125
0.00139379365829
0.00136576109651
0.00161030426436
0.00149463006931
0.00182563286382
0.00151789829552
0.00151119971096
0.00150501378543
0.00166289924781
0.00156792360346
0.00138487733316
0.00131864485493
0.00124097708657
0.00131941193006
0.00138752251596
0.00151365543425
0.00147028592679
0.00148713649296
0.001557303056
0.00159319983761
0.00165431856149
0.00146882263991
0.00137289732403
0.00160471469454
0.00168600800511
0.00146152317453
0.00151004483532
0.00171574047165
0.00177215944645
0.00196296856713
0.00193902630993
0.00175299127024
0.00180951839332
0.00191565155157
0.00161161124813
0.00192986170417
0.00172194792526
0.00174306651432
0.00221678018739
0.00173752571026
0.00208527373036
0.00206143094754
0.0024759413926
0.0022194706454
0.00194097650069
0.00219302109473
0.00172415171519
0.00149216137015
0.00170610049248
0.00155556878583
0.00165435003348
0.00171462165603
0.00170069665685
0.00170698130668
0.00161548936667
0.00178561688269
0.00154986387654
0.00169627046141
0.0019486176541
0.00200429282379
0.00201704603507
0.00189797846161
0.00179547155965
0.00159728478831
0.00112551900394
0.00176262048993
0.00170105896609
0.00174423952429
0.00213700599653
0.00227466476197
0.00262414143867
0.00258506561379
0.00229196855326
0.00250010717024
0.00190957110102
0.00190575149795
0.00186736914149
0.00166911780435
0.00163738452106
0.00177910879317
0.00113592112308
0.00126904286411
0.00184832505157
0.00214372376182
0.00214788783529
0.00179610171962
0.00157194517171
0.00210356475376
0.00212778752261
0.00222758169809
0.0016904455727
0.00187595212211
0.00218667169829
0.001838819953
0.00168262447341
0.00138309355383
0.00163863810481
0.00155069890159
0.00133137426625
0.00182737508418
0.00171502817968
0.00142935743175
0.00121229985089
0.00112958599373
0.00140591228523
0.0010609879672
0.00138690162237
0.00144707615228
0.000944986986156
0.00104324919808
0.000901340908514
0.00116116773193
0.00130643785732
0.00100311374149
0.00100084929967
0.00102999912757
0.000955708538864
0.00154771401702
0.00136654998647
0.00151856414956
0.00151233294399
0.00177875897059
0.00119238076605
0.00101173141112
0.00125797455267
0.00121678650587
0.000875348102595
0.00103628723586
0.000987542440824
0.000871252808017
0.000939270830779
0.00090140594868
0.000852019374893
0.000994274730835
0.000904218822759
0.000699385826408
0.00125388949042
0.00146934074252
0.00138950430684
0.00185787431306
0.000975728503506
0.00115427563004
0.00121826222196
0.00117576262835
0.00104888338605
0.00073847062809
0.000743152186964
0.000602310739313
0.000597635404421
0.00130371821933
0.00141269405442
0.00155160154103
0.00209659923098
0.00164397770717
0.0023194508815
0.00230958813424
0.00254338252518
0.00264475526367
0.00231718896047
0.00274179965504
0.00209220521762
0.00217368053201
0.00253075062
0.00258086194033
0.00226617972874
0.00264736766811
0.00227287821385
0.00322797527129
0.00307356369082
0.0027596570785
0.0026223232823
0.00284404630815
0.00244229468443
0.00285718060981
0.00252977094048
0.00295775685285
0.00253634775533
0.00315524301475
0.00327651149007
0.00366669108703
0.00320019544684
0.00321902452925
0.00323988966662
0.00244173865258
0.00236852185506
0.00258563524536
0.00279253297601
0.00299431538974
0.00327163667619
0.00331685478204
0.00275633225344
0.00329421564978
0.00365186563848
0.00382926788476
0.00400684175136
0.00397957118805
0.00486546853032
0.00398327450962
0.00447496325208
0.00390307199906
0.00418332334037
0.00383080118599
0.00397943352613
0.00375295940941
0.0029897293027
0.00300028012658
0.00299344516999
0.00326500753614
0.0028959616893
0.00277442215261
0.00226526370009
0.00263031786165
0.00245326085384
0.00258192662382
0.00255016491818
0.00317740184845
0.00286134471188
0.00298207331252
0.00292744399285
0.00302577741303
0.0027479782796
0.00284091126443
0.00279745590191
0.00330985631503
0.00299683405212
0.00297675868332
0.00273667017
0.00298209151791
0.0029194327159
0.0023585523077
0.0022192963427
0.00251757897633
0.00255499133853
0.00215805742367
0.00249890976402
0.00289291953613
0.00237171951621
0.00248603467789
0.00237167479495
0.00282631358523
0.00265008636139
0.00258551126747
0.00261802783886
0.00255764963016
0.00507819873699
0.00472025227897
0.00599037796623
0.00547940186385
0.0050807595756
0.00418292122876
0.00478831342269
0.00519102587978
0.0057294882876
0.00540520856193
0.00526690602451
0.00502107953401
0.00487840226831
0.00512209952293
0.00493620613305
0.00478560027727
0.00452461395416
0.00487756064972
0.00476533461634
0.00528299556235
0.00454766404928
0.00466191745071
0.00471849633406
0.00410697480371
0.0043272618679
0.00392387679947
0.00458889678945
0.00422873237748
0.00535215238113
0.00552810308222
0.00604190710997
0.00554717244295
0.00525393854139
0.00474687189484
0.00516287992307
0.00535649534972
0.00445464288363
0.0030940559673
0.00355053178789
0.0061593509898
0.00578964989293
0.00572542962869
0.0057017922538
0.0050827036378
0.00699664732727
0.00719584493496
0.00710049376827
0.00714005331326
0.00708804666338
0.007356084989
0.00673316913576
0.00656043772959
0.0058717738964
0.00533125379101
0.00521757940345
0.00489218689221
0.00505458018591
0.0051920243964
0.00514918205106
0.00532078868296
0.00555407841176
0.00609558470163
0.00651401356433
0.00623787280524
0.00558094040692
0.0053108513788
0.00581542873146
0.0061674770681
0.00677258944275
0.00720020717659
0.00737299226237
0.00692145145497
0.0073794218394
0.00759401963579
0.00723199918917
0.00863510723509
0.00862182217291
0.00800066597782
0.00760816060498
0.00780658375304
0.00731554564986
0.00717742410763
0.00706800958664
0.00666992581506
0.00659516467095
0.00649968528916
0.00653136745909
0.00638150563394
0.00658265498535
0.00581896624985
0.00634707855511
0.00618645033872
0.00600287325539
0.00598438032949
0.00541806827655
0.00500882349592
0.00484978534423
0.00490622465609
0.00439081544605
0.00492703729324
0.00467117023304
0.00416845653049
0.0048239699456
0.00448607689562
0.00438909586675
0.00413975156956
0.00368336010541
0.00413039542589
0.00412014176205
0.00333197579131
0.00333560162673
0.00253957394341
0.0024555087234
0.0029216164311
0.00254164357296
0.00269583583103
0.00268587526509
0.00305337068175
0.00288687090986
0.00292677512406
0.00274156772458
0.00292857710212
0.00304172440917
0.00324057516499
0.00333468908502
0.00355504650875
0.0033743970403
0.00340371629447
0.00332244826925
0.00383766440798
0.00370892714327
0.00388169524904
0.00373567059164
0.00435536225219
0.00426395951608
0.00423161784666
0.00382271866872
0.00425207290075
0.00402584597895
0.00427356333642
0.00409152381421
0.00378066750274
0.00403783641425
0.0040181097856
0.00424473019518
0.00335572409876
0.00413744555939
0.00420971498355
0.0038231647091
0.00313642688057
0.00404747091091
0.00391243810952
0.00365560163628
0.00357256967359
0.00319314645493
0.00293378286627
0.00388868776334
0.00409239990474
0.00421828282889
0.00416144993795
0.00446337173253
0.00434101398903
0.00313983281884
0.00386774934239
0.00341959397385
0.00282198874514
0.00306540190101
0.00283829686606
0.00323370631681
0.00322011633134
0.00323029925349
0.00279450505404
0.00316361413003
0.00266368305099
0.00295575368069
0.00302408798832
0.00345113682532
0.00316855564977
0.00298688912959
0.00294363717475
0.00323680217018
0.0028319467737
0.00274555273221
0.00300961493251
0.00273900090739
0.00300949442597
0.00308465171087
0.00280680108284
0.00255368150824
0.00281919306139
0.00263437845365
0.00286196235401
0.002813089362
0.00281542222437
0.00282306998492
0.00243166313602
0.00280972766794
0.00260401027285
0.00286722233551
0.00294459731725
0.00264166702068
0.00330147566587
0.00253109986908
0.00226168742821
0.00201887117947
0.00235293285039
0.00234213546698
0.0022419761312
0.00174784188766
0.00181849447398
0.00176583176517
0.00197757758975
0.00272276608643
0.00237706281635
0.00231775099117
0.00280919089842
0.00244543511739
0.00250236916699
0.00216173664413
0.00262912729258
0.00233302647485
0.00233840386864
0.00204149817585
0.00274486795326
0.00189742866859
0.00177754467119
0.0020668383735
0.00191190605579
0.0018461331148
0.00187002892735
0.00197651409399
0.00216150828323
0.00220622925212
0.00223462854628
0.00239681907005
0.00209623825854
0.00279992286189
0.00254146114379
0.0023515571352
0.00287534901097
0.00281694710996
0.00260637721448
0.00253080047578
0.00274131286539
0.00314136671013
0.00364371233791
0.00396207632662
0.00352186363399
0.00357019336164
0.00368176077048
0.00334871197237
0.00289203299046
0.00209614864964
0.00207614402148
0.00259088224353
0.00299330878978
0.00297658304966
0.00276844735405
0.00255227594875
0.00262964792857
0.00237194570206
0.00263158270931
0.00258603017397
0.00197100970428
0.0022240720037
0.00222881745146
0.00191052713378
0.00217943169994
0.0021455348501
0.00214356276022
0.00149640623058
0.0019629118136
0.0017343728456
0.00216520798685
0.00180573576915
0.00200555479255
0.00230077952291
0.00209284259432
0.00253758099521
0.00273181306578
0.00205172967934
0.0025686314803
0.00246342131053
0.00298176388558
0.00266261122213
0.00238240397079
0.00264110789457
0.00274626350392
0.00288409581443
0.00248844671141
0.00288399149112
0.00284144058338
0.00247270337776
0.00270235117008
0.00287853653009
0.0025634347635
0.00267516679768
0.00222525389048
0.00244491420883
0.00194763922431
0.0023225174859
0.00206935557989
0.00239227446083
0.00279184802897
0.00243155539498
0.00257262046418
0.00333078657224
0.0036100065845
0.00343178031281
0.00350099354454
0.00357836057506
0.0031239133113
0.00308789454642
0.00231841508084
0.00209175127735
0.0019279816254
0.00188770236493
0.00207018851271
0.00190467686808
0.0018981401997
0.00190769929922
0.00162198524204
0.00169532321956
0.00229121787811
0.00174039136333
0.00164163971823
0.00175924385764
0.00211851893262
0.00234728289182
0.00226541869364
0.00303081117202
0.00289382261879
0.00263617276339
0.00218360047372
0.0027895773646
0.00255006706859
0.0021872889462
0.00240992826566
0.00214002110614
0.00194661553934
0.00204602932613
0.0027358656857
0.00324698156089
0.00341689343843
0.00374496890078
0.00343812439413
0.0033113195646
0.00383315142032
0.00361782502376
0.00410301715392
0.0037452234465
0.00458606534735
0.00466331946062
0.00567894545238
0.00611940690017
0.00565576098346
0.0061290554573
0.00689293045298
0.00692199212022
0.00616790400197
0.00562936133255
0.0064367892885
0.00586849688186
0.0056368503838
0.00537182972863
0.00498358520008
0.00506079134041
0.00520714722831
0.00514064656736
0.00544091373157
0.00619283907264
0.00548112622646
0.00457085536418
0.00462543292048
0.00433876196259
0.00279843885907
0.00339926094554
0.00281257972477
0.00297969223968
0.00282307450701
0.00237052485512
0.00272792241069
0.00314112149868
0.00191154191442
0.00226530749934
0.00257613236562
0.00238089278155
0.00215258962047
0.00238569412717
0.00215343583917
0.00228122894005
0.00228816927282
0.00235936645857
0.0024477599431
0.00304432658324
0.00316513597645
0.00402583914712
0.00368059746466
0.00405086180736
0.00400810796687
0.00401700560625
0.00366945432872
0.00350066575183
0.00326761943877
0.00337191913568
0.00473215450364
0.00412124915856
0.00359048084351
0.00367425833175
0.00326708139391
0.00350028986043
0.00328588147316
0.00259228076912
0.00216835185335
0.00229566227363
0.00267932569036
0.0023049840195
0.00244893650069
0.00239699513312
0.00238123621814
0.00223196131732
0.00246169136274
0.0029939389531
0.00304601158437
0.00265875688996
0.00225128381772
0.00257724022596
0.00289466571747
0.00259557222284
0.00268795371426
0.00208800736808
0.00266030819482
0.00225999969381
0.00211074330279
0.00213698749298
0.002365335208
0.00236340498918
0.00252916381958
0.00216542468055
0.00262928223683
0.00281205423881
0.00277456321993
0.00314089639282
0.00282254072378
0.00279243080415
0.00275412577295
0.00223943058481
0.00181622772678
0.0020400645701
0.00223121940989
0.00286760043761
0.0024328730208
0.00286585448725
0.00279009862476
0.00274171392904
0.00241390375079
0.0023339438096
0.00209913849193
0.0021527900944
0.00206553498379
0.00199718983742
0.00189897007588
0.00203465767903
0.00239250020029
0.00207670376914
0.00210330575446
0.00196982581722
0.00209229805363
0.0017657007691
0.00173155196142
0.00179530067807
0.00172226930469
0.00166497309491
0.0023626837984
0.00216208722341
0.00232286828458
0.00239210129044
0.00252175850761
0.00221878573729
0.00282149230465
0.00347586493111
0.00308330318086
0.00328735072199
0.0026755038863
0.00233597176
0.00256786098704
0.00282086596392
0.0028511658369
0.00272939729816
0.00303278686078
0.0028770367924
0.00317104731718
0.00289595671208
0.00309264302064
0.0024167424839
0.00252334818482
0.0030531875774
0.00314046205113
0.00285769988955
0.00287294348911
0.0027046930997
0.00280990020712
0.00310650872483
0.00329388587865
0.00328920787528
0.00385097727829
0.00387597641581
0.00405136892306
0.00371306192691
0.00367241306521
0.00420101582977
0.00415602502378
0.00425387116777
0.00391754627802
0.00432719780213
0.00431666344664
0.0049143402562
0.00525348107185
0.00506930983663
0.00499221089472
0.00579024170611
0.00520967765559
0.00518273676193
0.00562222737593
0.00479109705316
0.0048255890182
0.00397246421773
0.00435777833171
0.00433161652255
0.00493447810957
0.00439011783464
0.00453694624351
0.00595968048482
0.00591933649796
0.00639035881606
0.0064274495855
0.0054250886431
0.00444063187211
0.00460097425587
0.00407420283278
0.00429749277005
0.00480672265093
0.00526191935511
0.00463780770366
0.00510507769568
0.00486358982588
0.0047430689739
0.00569440094068
0.00533207797248
0.00607422492684
0.00622095149959
0.00586106793726
0.00530797941693
0.00647771228775
0.00587577602385
0.00587578053485
0.00618954174837
0.0052390871503
0.0056544691274
0.00556965095392
0.00609856148772
0.00692575742311
0.00595713537325
0.00729314053718
0.00713711056808
0.00748231207173
0.00820313713772
0.00853013906911
0.00917873843667
0.00712918342208
0.00751146988835
0.00765183276608
0.00621666779016
0.00637840981475
0.00723513314284
0.00931276073902
0.00960078531825
0.00957518767575
0.00930691065992
0.00964600944417
0.00916396178343
0.0105555479465
0.0105091645656
0.00921805573023
0.00943176098952
0.00850289225924
0.00924858107955
0.00896424414704
0.00983257319446
0.0106912368747
0.00972502584494
0.0113223667226
0.0111640986726
0.0112534840999
0.01159953079
0.0130884815624
0.0137317941515
0.0154449967758
0.0150434375427
0.0139061491814
0.0123420042453
0.012187066328
0.0111775658734
0.0135885293578
0.0120330132787
0.0112993079642
0.00996974685877
0.00914996984431
0.00928331997084
0.0076416693673
0.00712063845216
0.008003272193
0.00825035320956
0.00880645561507
0.00843778753856
0.0082144453317
0.00760682566796
0.00719930389185
0.00718276562463
0.00718508612696
0.00746753845762
0.00791046847443
0.00409761612847
0.00510903725164
0.00500272743164
0.00490624469979
0.00448662037463
0.0042205376892
0.00694231109364
0.00689362216644
0.00620962545097
0.0073748169357
0.0068674105491
0.00601198176947
0.00587218886664
0.00528856846387
0.00550474989506
0.00487897663666
0.00493342900612
0.00407149444343
0.00506084112469
0.0045128566325
0.00465607582589
0.00546701783219
0.00566953482163
0.00446620904411
0.00318348474777
0.00391344029673
0.00377289953927
0.00351119629838
0.00317813175542
0.00397320111547
0.0044274035623
0.00370643024557
0.00383740308193
0.00333838279352
0.00439232894053
0.0058062837705
0.00551659316026
0.00625430560891
0.00549334938335
0.00562861114304
0.00522708249485
0.00508117793515
0.00504346008539
0.00469150900635
0.00481623936734
0.00435936997719
0.0046491378085
0.00389342133833
0.0036753528485
0.0036760740925
0.00357019199932
0.00403633919366
0.00377179614494
0.00520771181643
0.00499772507173
0.00560579045249
0.00548492313942
0.00545611084386
0.00629933403054
0.00693873356596
0.0055794982559
0.00551654015032
0.00468413826511
0.00345888101014
0.00266234594068
0.00257933590475
0.00313975960496
0.00364948448084
0.00282318201459
0.00371211328898
0.00333127984806
0.00314968110107
0.00418412688043
0.00417514077006
0.00393016370416
0.00342905425273
0.0026729186081
0.00344035010599
0.00394578777835
0.00342561613296
0.00275647878877
0.00314111411459
0.00277224350024
0.00329930917291
0.00338126003952
0.00398463148926
0.00312433190919
0.00324081887838
0.00419788896172
0.00369004364161
0.00397472840436
0.00385935628826
0.00348432693426
0.00376911986369
0.00343976956095
0.00316201805783
0.00310671189334
0.00305148253624
0.00346593228444
0.00424120620379
0.00334081961934
0.00344454383068
0.00473712491074
0.00412665902726
0.0050439734416
0.00416385485532
0.00416962592103
0.00364985159504
0.00369116121607
0.00421905538475
0.00460141463739
0.00327844010349
0.00338072510117
0.00306793216774
0.0031112634698
0.00398798836188
0.00358423707836
0.00243578762308
0.00294283152824
0.00321361112495
0.00236596123395
0.00272698135431
0.00220165323429
0.00311618407214
0.00296647200368
0.00237904699811
0.0023328416007
0.00241809368989
0.00229591367523
0.0020828009218
0.00194108679276
0.00180815852161
0.00221325023368
0.00225568704632
0.0021734170626
0.00213110018901
0.00148960094519
0.00184730318681
0.00235369524543
0.00284239344607
0.00280934708047
0.00254666474851
0.00280923028889
0.00222650904125
0.00252471736357
0.00178102758488
0.00356731434048
0.00321044936931
0.00245215620415
0.00304488911481
0.00312778053516
0.00367759532088
0.00272609841638
0.00342762873928
0.00308608080964
0.00405709569848
0.00416081592346
0.00394621000808
0.00314297979668
0.00387185281852
0.00394536439021
0.00431461525895
0.00515002789674
0.00439430857279
0.00504575173077
0.00504225980984
0.00501047601473
0.00489387089498
0.00275467432688
0.00134124092404
0.00159225853377
0.00226617009529
0.00212104222496
0.00251223913681
0.00274471229797
0.00212381998713
0.00179851155359
0.00164263598545
0.00152496829418
0.00197974784609
0.00178358784432
0.0019942271313
0.00163252825196
0.00182601597032
0.00125735682016
0.00143534801878
0.00151830389911
0.00180441931774
0.00254660988917
0.00291998210719
0.00298892054876
0.00268471523657
0.00338547707409
0.00344138572966
0.00386178436895
0.00386967597305
0.00325145017104
0.00354547314281
0.00430069248014
0.00464781259609
0.00502514267547
0.0047943334968
0.0044782638952
0.0042184005361
0.00602948830252
0.00472670192512
0.0030204422976
0.00328539698218
0.00328133961645
0.00418219214853
0.00564549588396
0.00573272688034
0.00612089917263
0.00691829062185
0.00649617862443
0.00824509598746
0.00670491015807
0.00739763107771
0.00561097381271
0.00497651382995
0.00437629208712
0.00371365705594
0.0049025509154
0.00399629717677
0.0039861734064
0.00378816164819
0.00360555142843
0.00385051512171
0.00483365849123
0.0045286877877
0.00477229178279
0.0044329024679
0.00456711259782
0.00488276887667
0.00437214722343
0.00469600674494
0.0046066719644
0.00403557480718
0.00450945081739
0.00475705786634
0.00441056683116
0.00380213864627
0.00414570503734
0.00355767364784
0.00392818892749
0.00370127613459
0.00395886929378
0.00350085114464
0.00333694306687
0.00361590741033
0.00384430795614
0.00375564885153
0.0049718475847
0.00461902616811
0.00443112166354
0.00440566236194
0.00493027390778
0.00467898478489
0.00547229063052
0.00562318215487
0.00550087612587
0.00688437316369
0.00726940656258
0.00587346348315
0.00605153361332
0.00578531883159
0.00579738490707
0.0059110788177
0.0104864080247
0.00976366708334
0.00975503545355
0.00883053293238
0.00805125338437
0.00879427564654
0.00779760913625
0.00591204902498
0.00554633465108
0.00574868307503
0.00532221672731
0.00517055254668
0.00569696899929
0.0047397095012
0.00505470011692
0.00464994017427
0.00464957043047
0.0055254109731
0.00493496479223
0.00508718204783
0.00569509467676
0.00490290802153
0.00438194377046
0.00484259297293
0.00477120513483
0.00510780857453
0.00495628271003
0.00525403302616
0.00408099454308
0.00549210777659
0.00491194135014
0.00425842651751
0.00374099600343
0.00533376240223
0.00468755358196
0.00457555295544
0.00560872084824
0.00566656234832
0.00474569047214
0.00470134698465
0.00547082408188
0.00631550676639
0.00583892272188
0.00569965806025
0.0055987925028
0.00449027850075
0.00540580213843
0.00537281629824
0.00519771296853
0.00533082298249
0.0054656415523
0.00468667780382
0.00517316645526
0.00559439640956
0.00576748326274
0.00671963877889
0.00601192277743
0.00543895956993
0.00661535549438
0.00737818069478
0.00777442709435
0.00886875603715
0.00914669917944
0.0102149528669
0.00915419641235
0.00785210907567
0.00845258180019
0.00827704050571
0.00711228130523
0.00679090674572
0.00526003143024
0.00573599430028
0.00521543691123
0.0050187284166
0.0045766618894
0.00417775405905
0.00439236567985
0.0045599948366
0.00427133533959
0.00534563450399
0.00523871578149
0.00574943882949
0.00581571321504
0.00554819733171
0.00568109520903
0.00467515071169
0.004095799203
0.00350645500797
0.00382808034767
0.00361489535902
0.00420447653502
0.00414990994456
0.00435488459794
0.00483615420966
0.00503375179842
0.00471690886991
0.00458184105973
0.00433511680611
0.00438100762173
0.0040134177
0.00457712986112
0.00458583636966
0.00492165452614
0.00502716996837
0.00527411449092
0.00456445113492
0.00426870320271
0.00421842283221
0.00393814291592
0.00408604979035
0.0039658817393
0.0041231329474
0.00410472668213
0.00461566490715
0.00452982637911
0.00493496789957
0.00584230106246
0.00606953495717
0.00604008990157
0.00572336990952
0.00562633574228
0.00598730501775
0.00491555335407
0.00584127848126
0.00622839170441
0.0061663155477
0.00463240917
0.00600986308258
0.00629946181533
0.00732197799182
0.00648152573995
0.0088921733492
0.00843301128195
0.00970236229906
0.00750884730805
0.00601127592833
0.00671237887937
0.00657031553764
0.00627342871076
0.00659999882924
0.00680116841964
0.00819261012572
0.00956711889677
0.00784870142225
0.00901007625836
0.00802614728273
0.00848820798314
0.00756130015414
0.00860989244448
0.00729496489481
0.00707959249794
0.00563072106024
0.00599601917277
0.00674041751094
0.00848452905796
0.00764888331381
0.00886878015493
0.00772832944124
0.00727538688568
0.00985343110072
0.00769740765507
0.00810282569064
0.00747557332434
0.0077059936967
0.00790840780353
0.00692390411763
0.00827061222198
0.00845977249917
0.0068663543252
0.00791429669974
0.00735367426859
0.00304702542578
0.00447197758347
0.00416642313352
0.00575156569402
0.00707263134184
0.00773907807161
0.00782424163386
0.00776625240906
0.00756430930863
0.00574673456293
0.00765903510547
0.00826872958314
0.00704341218053
0.00627123249488
0.00656630666254
0.00725489353433
0.0058553182535
0.007765315666
0.00843145582723
0.00992372267181
0.0107771681432
0.0105483455928
0.0100379454908
0.00926288907297
0.00852227469832
0.00944794028843
0.00993690322884
0.00926752432944
0.00934040906957
0.009968947894
0.00845819156242
0.0135636894887
0.0114059555627
0.0116828216559
0.0123400932755
0.0115665374685
0.0137379646394
0.0122569241274
0.0119628607016
0.0176352102351
0.016067099589
0.0171004256353
0.015735594484
0.0125806722922
0.0172799418581
0.0198531546593
0.0196905459407
0.0210854752702
0.0205718776547
0.0203964549134
0.0181267066826
0.0171251953888
0.0156339395788
0.0150013621987
0.0136120900921
0.0151251640588
0.0156624893911
0.0144403779771
0.0159354056547
0.0156756317658
0.014759750662
0.0137083289746
0.0153009229818
0.0104098752695
0.0099045645821
0.00917999579764
0.0100614383358
0.00890108999116
0.0108473229052
0.0111737133149
0.0105368019765
0.0110913343847
0.0115157444565
0.0108122031143
0.008603513449
0.0105318687938
0.00993810842515
0.0134630728223
0.012102221582
0.0154957280533
0.00947006155642
0.0115877816886
0.00944283955474
0.0109381638646
0.0102320510784
0.011593836923
0.015049001891
0.0114017078331
0.0117249499964
0.0172448038323
0.0158593158008
0.0162826757627
0.0149666675193
0.0164709584473
0.0169519527842
0.0172668281458
0.0160693043851
0.0164706201621
0.0193636820975
0.0163456018255
0.0136532293499
0.0144179807746
0.013583443739
0.0145881368724
0.0130464930982
0.0139250787938
0.0120620409422
0.0132708044356
0.0125603473313
0.0119196896355
0.0115637648079
0.0122842494838
0.0132036556618
0.0109734737081
0.0124556505634
0.0123390388662
0.0114139682495
0.0136086884826
0.00996727253618
0.0111627774081
0.00881031993908
0.0120076091493
0.0113657058131
0.012370267661
0.0119730260909
0.0115666729451
0.0116307029237
0.0122290508377
0.0132713778234
0.0125101484891
0.0118590914805
0.0112464718942
0.0117376716317
0.0116250028847
0.0105926344271
0.0113802714063
0.00855524195708
0.0102850743005
0.0121453877074
0.0117876946033
0.0134691744874
0.0114890771336
0.0114543312662
0.0127136760329
0.0128615637059
0.0123424572742
0.0119090059511
0.0113275543105
0.0101044781588
0.0104886763195
0.00873722722786
0.00896935588814
0.0107865076807
0.00944700889309
0.00828638920748
0.00979471357814
0.00966681724093
0.00901481399537
0.00931499274415
0.00777247514592
0.00781046818427
0.00916820210916
0.00838886403082
0.0081884643955
0.00628978437654
0.007455868775
0.00620621177885
0.00573019217259
0.00626377082967
0.00560368375014
0.00585207145689
0.00477033811649
0.00494000581456
0.00415017924694
0.00366901548801
0.004544120871
0.00369032769896
0.00266332479049
0.00363763961093
0.00311815551951
0.00270736430846
0.00239756463712
0.00326820279346
0.00317032243504
0.00261798186428
0.00345470687383
0.00416553835494
0.00483792211171
0.0047937046132
0.004512912492
0.00599361104397
0.00551463613011
0.00600691612867
0.00530023740455
0.00492616760241
0.00497091188153
0.0042236591057
0.00528708024764
0.00459544256992
0.00466213017053
0.00321240126563
0.00445873147022
0.00285922093159
0.00369531955751
0.00389036206996
0.00343087315971
0.00342351236557
0.0033787641319
0.00387073685425
0.00408167036303
0.00370924991368
0.00428740259286
0.00436278968115
0.00397221092004
0.00449390037718
0.00378738554589
0.00382586950992
0.00391519276825
0.00421617621023
0.00338411004167
0.00282595729948
0.00238866978633
0.00209061215773
0.0035472898253
0.00332081253662
0.00442391985916
0.00361229180979
0.00351388905403
0.00386921487694
0.00437889092273
0.00299094978782
0.00320814167778
0.00384849181329
0.00368886061954
0.00329952466661
0.00234760502793
0.0026882992375
0.00267916172084
0.00251926938551
0.00185576054542
0.00199434574815
0.0023113456689
0.00219304602253
0.00177956335059
0.00177051983992
0.00227912801197
0.00171814829328
0.00174437220477
0.0016966531668
0.00242170982018
0.00142162550333
0.00152539028033
0.00125412258428
0.000991603773171
0.000965034912882
0.00154092110822
0.000882321209513
0.00051020701164
0.000564480270842
0.00040556980039
0.000289890560569
0.000337787199625
0.000285311281111
0.00054180841606
0.000296404295135
0.000375216796119
0.00032304564045
0.000396012848525
0.000414953345091
0.000401685437125
0.000298810645065
0.000317057504988
0.000588563319605
0.00055913539082
0.000940104930253
0.000933640110958
0.000734360666225
0.000944067994791
0.000920341162143
0.000927945385657
0.0012442462694
0.00111622259092
0.00125539095904
0.00161669550322
0.00142089261764
0.00148831008446
0.00149004285002
0.00162512811153
0.00144056995943
0.00150393996906
0.00159398876171
0.00129288587393
0.00159486340112
0.00169157150906
0.0015629418411
0.00195580586864
0.00150363941905
0.00155572728379
0.00185311403152
0.00186697214612
0.00256587967471
0.00262453499913
0.00226564914088
0.00229948256495
0.00240570053732
0.00181678054561
0.00159993842546
0.00166453308858
0.00161030490776
0.00127427152787
0.00159398441036
0.0018799208888
0.00119100550542
0.0019231437531
0.00152176413758
0.00206256084923
0.00251702617182
0.00261511470889
0.00228985806156
0.0023104968728
0.00220404690355
0.00221239589841
0.00240442235975
0.00166387498745
0.00100582432923
0.00200812855365
0.0017303687857
0.00182804394425
0.00177427837183
0.0019439495431
0.00190663658353
0.00144023025993
0.00169328063232
0.00259173389015
0.00220944371698
0.00164813394046
0.00185885934166
0.0018168921708
0.00187100625493
0.00166862457001
0.00191559657096
0.00158770777215
0.00170828765694
0.00182419258673
0.001164348651
0.00125349796384
0.00209928594956
0.0019902690666
0.00190001248674
0.00139322268818
0.00173740114856
0.00114423525485
0.00105506174259
0.00117323717531
0.0012781466816
0.00123379987489
0.00119058123069
0.000922544891857
0.000864917058553
0.00121393829958
0.000844213557184
0.000981323953739
0.00107985776507
0.00062925556287
0.000721310461355
0.000846500726455
0.00059520453336
0.000661598312921
0.000702987311323
0.000967361210455
0.00109900598423
0.000768338474675
0.000775988639411
0.00109537501435
0.00135051388924
0.0014801808619
0.00152989546771
0.00122422069299
0.00136320325006
0.00139109509683
0.0021641064202
0.0019454390918
0.00228989830729
0.00185293148621
0.0017156115263
0.00280227068073
0.00293156855945
0.00269417761502
0.00315790282608
0.00275186440687
0.00306436102636
0.00295764657375
0.00343412448611
0.00347998252454
0.0034019222048
0.00332830782566
0.00360746063192
0.00390313198939
0.00338784241526
0.00316056446659
0.00283093197967
0.0032105197718
0.00337819949743
0.00375312220639
0.00338093726492
0.00384439472635
0.00392189882495
0.0041549507197
0.00494609422998
0.00488418797693
0.00462882443446
0.00408810844342
0.00407653460971
0.00435405483322
0.0039155577678
0.00388768383228
0.00441328015446
0.00426337487666
0.00401879953677
0.00398625461832
0.00439949442683
0.00451197594473
0.00384497480267
0.00376871341997
0.00309569932755
0.00290911239748
0.00321146838397
0.00303494720351
0.0029369777205
0.00274182535982
0.00264250494379
0.00276097110195
0.00323844698668
0.00340740449434
0.00308308326162
0.0037235277444
0.00347365192167
0.00410898220442
0.00514830039698
0.0051918041874
0.00587818350686
0.00562686596531
0.00534077705405
0.00607909066312
0.00580682036266
0.00601415133581
0.00598893160067
0.00571125513558
0.00571896328777
0.00589446430201
0.00603466605175
0.0067034929748
0.00600208973256
0.00650790840763
0.00593649314653
0.00618386470034
0.00598250552185
0.00632237697255
0.00656531319694
0.00655103074601
0.00594860655447
0.00542833981247
0.00534364259406
0.00478769755894
0.00471459935044
0.00468267870277
0.0051784364121
0.00525012017271
0.00520125863538
0.00497276040136
0.00396686152566
0.00327686700959
0.00417650090456
0.00440614050261
0.00563686078144
0.0054544997631
0.0053882881385
0.0054084452331
0.00489045442043
0.00551263737491
0.00518230112484
0.00588155310127
0.00618471380521
0.00585901989373
0.00504227831858
0.0055560464025
0.00510953828275
0.00542357940245
0.00502136172533
0.0054276259917
0.00520845812248
0.00531217936095
0.00537016621898
0.00561131629653
0.00584753878033
0.00522625270159
0.00573748018295
0.00590264917676
0.00634378776392
0.00627049259739
0.00530542050156
0.0062084139004
0.00698702020428
0.00617166368499
0.00677736027108
0.00736185198665
0.00743446117029
0.00716406446032
0.0080184380682
0.00875050863344
0.00760103782686
0.00808688381635
0.00851783408005
0.00920537569693
0.00883548427946
0.00914618872617
0.00980561342591
0.00989923610415
0.00974727387217
0.00779351740634
0.00965996570497
0.00963942851229
0.00833618981146
0.00856443978325
0.00805946654033
0.00709324704417
0.00743222871462
0.00650699069995
0.00684048132652
0.00710192034659
0.00710879090823
0.00642427641742
0.00489130192049
0.00564352171614
0.00568869792049
0.00485034823527
0.00550619327442
0.00591385464543
0.00438024817965
0.00445496208245
0.00480547547531
0.00474604303886
0.00504933000774
0.00583321739408
0.006016146761
0.00538763722757
0.0046701913683
0.00576160335452
0.00611924100996
0.00762766468407
0.00843521065119
0.00629017347594
0.00619731110813
0.00531543243834
0.00487220281406
0.00494129829354
0.00208184683569
0.00185620046665
0.0020238532208
0.00229617980907
0.00184749060589
0.00203913111973
0.00207860255418
0.00202757433853
0.00219182091285
0.00223186109104
0.00247792800559
0.00311655373595
0.00251490390234
0.00263414804978
0.00267343011941
0.00237972870455
0.00235631087717
0.00233677219659
0.00250204849
0.00283170640682
0.00279264205543
0.00302159904166
0.00330957593921
0.00304263264848
0.00288751053732
0.0027132246851
0.00352298759331
0.00376249516202
0.00363763783732
0.00288396918347
0.00266008761258
0.00200314138026
0.00234016759901
0.00233700918173
0.00212324807046
0.00172397666623
0.0023439832927
0.00204743880979
0.00222267621432
0.00216569851576
0.00236015144039
0.00110085238374
0.00171889482669
0.0013132476303
0.00126258949725
0.0017226704014
0.00129170557555
0.0017085586437
0.00202542026617
0.00204745723249
0.00190922765315
0.00143832840023
0.00150265510596
0.00149840776099
0.00115788346788
0.00181474849133
0.00142493620887
0.00153730819253
0.00153472922681
0.00197847529456
0.00181064588222
0.00132361086207
0.00190082207247
0.00167539308532
0.00171945585897
0.00115057183402
0.0014800431581
0.00159082171393
0.000947034223342
0.0013738510508
0.00134076335009
0.00140871260413
0.00127858736567
0.0015686548987
0.00129584193025
0.00157226897956
0.00121374443389
0.00139551751071
0.00116611901189
0.00187416215545
0.00198312143452
0.00290883413981
0.00255744156558
0.00310721051497
0.00333994765403
0.00382728900037
0.00347741603343
0.00322826207437
0.00365849008012
0.00332862317015
0.00379479307432
0.00356562385875
0.00325879375661
0.00282673556344
0.00287204615611
0.00227961542847
0.002186953698
0.00333007533088
0.00312852045511
0.00454739450281
0.00402677797984
0.0045154574577
0.00409079264617
0.00446660227522
0.00446969431284
0.00386990631622
0.00377838802236
0.00415979388864
0.00335854974349
0.00339187349524
0.00324220546236
0.00373719589259
0.00300077898655
0.00326410389513
0.00291203009264
0.00323305336132
0.00380781891736
0.00321054155337
0.00309945172084
0.00351481081461
0.00324845382245
0.00353897170262
0.00342216608776
0.00298145506873
0.00327987816115
0.00347599778554
0.00342179611882
0.00381728504166
0.00402120332462
0.00404033989307
0.0033658163102
0.00401344094611
0.00539692134021
0.0062905198468
0.00555247619513
0.00651921189545
0.00727713371343
0.00753186457643
0.00502862794968
0.00517878827991
0.0049213012647
0.00591064172364
0.00642187467841
0.00693597216647
0.00656863219187
0.00571193225823
0.00512582992472
0.00579370969898
0.00589098029789
0.00649934327736
0.00692351165971
0.0047092236804
0.00362768129401
0.00451154764987
0.00448910577197
0.00420168886205
0.00394940058569
0.00298703398734
0.00363806600597
0.00358975581463
0.0033623337173
0.00384004249108
0.00347475975746
0.0037789049534
0.00445643412894
0.00538930247355
0.00541231938602
0.00474299908014
0.00521608839212
0.00488004795892
0.00565794002765
0.00525486256019
0.00603474610521
0.00708270381785
0.00758815552162
0.00741804394934
0.00755361283405
0.00755523211672
0.00832988377692
0.0079054286524
0.00712374037884
0.00791268332242
0.00634769414572
0.00717217315806
0.00697732683103
0.0046839122082
0.00398688037562
0.00499331602216
0.00522617935116
0.00431872496509
0.00439407255431
0.0056425727242
0.00549614794123
0.00598354946533
0.00587225865344
0.00560438142868
0.00481312092373
0.00540966776744
0.00539174448283
0.00458242818872
0.0052295601603
0.00425989708749
0.00489396054231
0.00420796226983
0.00413378429222
0.00281357558653
0.00339320013875
0.0040439736555
0.0041389119027
0.0052646131095
0.00454791134426
0.00335283595084
0.00411669643868
0.00343109371775
0.00338905784553
0.00350804583806
0.00471853072078
0.00558754254257
0.00530590640553
0.00500562281065
0.00343811808031
0.00374919485902
0.00326307487489
0.00283937433105
0.00274685958787
0.00330716110059
0.00361085664584
0.00272431330681
0.00202145445659
0.00187196836594
0.00162735996218
0.00166041427709
0.00160125667705
0.000844175211228
0.00103280988391
0.0009148753832
0.000990797746147
0.000655110739478
0.000926877021405
0.000659868976921
0.0014196116828
0.00150247823611
0.00192929131045
0.00189414261522
0.00230746743124
0.00172468194286
0.000835907973665
0.00105989628119
0.000964537412945
0.000900043826881
0.000682454619227
0.00143711446803
0.000640930558947
0.00204917394746
0.00159996927824
0.000899615321656
0.000926287221592
0.000587174878327
0.00037163160796
0.0010571586581
0.000377972535703
0.000315187211798
0.000521451871081
0.000219274536085
0.00182273566155
0.00109748225587
0.0020982102632
0.00128434955506
0.00100840247818
0.00206833563881
0.00182799660985
0.00113152609344
0.00164426546077
0.00132472484722
0.00100451094692
0.00155441918119
0.00145434106792
0.00110734984017
0.00138832783601
0.00108241351185
0.00122121828885
0.000935633659739
0.00100192622583
0.000912506782098
0.00117390544903
0.000823238385965
0.000383476041647
0.000630454080722
0.000595458778059
0.000527141716132
0.000885725325614
0.000960105565039
0.000897967975232
0.000351482688624
0.000902566744515
0.000328913347471
0.000425898910201
0.00100417259719
0.00182876656612
0.0014783657986
0.00185718992572
0.00149464520036
0.00133266129755
0.00113026826446
0.000897785383126
0.00154745021973
0.0014325065718
0.0015009543968
0.00146266483152
0.00185912506081
0.00201577355278
0.0015474526132
0.00239138069545
0.0027515270032
0.00300733527207
0.002027182239
0.000737561814262
0.0014376801636
0.00314047059978
0.00165490482353
0.00283379100325
0.0033310882584
0.00274712775261
0.00160147332681
0.0021794294957
0.00322290024978
0.00250764366373
0.0023112151737
0.00296902490868
0.00234262866291
0.00136354170352
0.00249713750978
0.00169696188213
0.00206469408852
0.00188851202665
0.00189187425294
0.0012620690247
0.00151787159455
0.00142507080655
0.00148847188921
0.00118791726708
0.00129752837706
0.00116011947908
0.00147450325512
0.00193968511219
0.00177564312745
0.00304653324195
0.0030492916775
0.00225518637987
0.00262597344313
0.00252602379545
0.00259110674547
0.00246927977081
0.00290396153981
0.00180933290236
0.00140362782019
0.00191048595034
0.00140300324026
0.00106585557908
0.00137164344373
0.00136184714448
0.0013770210001
0.0014514008564
0.00123742372042
0.00138455965657
0.0014277730369
0.000992581187563
0.00175245025357
0.00160378400844
0.00149581477413
0.00116049207311
0.00133983405611
0.0018430084899
0.000200946167836
0.000275197312225
0.000524887257712
0.000138883083582
0.000707761755671
0.0007828486157
0.000326742670566
0.000449953939822
0.000718129205623
0.000803201118557
0.000335368245076
0.000342513782999
0.00169074843288
0.00127582481846
0.000730418119769
0.00111308234787
0.00100585049005
0.000654187775555
0.00144722989185
0.00118855460202
0.0015541248202
0.00181348666125
0.00187847051386
0.00146189250802
0.00188391842394
0.00123404295952
0.00160743170971
0.00162221120645
0.00252854281363
0.00224133025334
0.00204590381457
0.00201477254441
0.00235760096802
0.00298294773485
0.00189699009249
0.00275323708513
0.00278996225124
0.00256301744622
0.00208185632498
0.00247696759954
0.00262598104735
0.00191483277357
0.0025461916101
0.0021730639933
0.00265399517165
0.00253385283046
0.00200615303818
0.00136082329332
0.00138092997753
0.00165781769886
0.00182111902439
0.00154257296281
0.00171565646777
0.0016706417577
0.00142930796293
0.0021563647913
0.00230042905876
0.00190986744115
0.00215497397687
0.00274601959325
0.00218995057535
0.00203106273388
0.00192176127062
0.00208239754505
0.00194033303202
0.00175755355366
0.00209011853878
0.00214336787022
0.00214193862498
0.00163770184882
0.00266078191962
0.00347190197328
0.00341774763808
0.00421832854124
0.00426153738076
0.00457181088488
0.00427918319025
0.00447253105123
0.00411475850533
0.00426146108505
0.00334806713212
0.00376654808696
0.00360148335202
0.00327918808789
0.00232523230002
0.00262977286909
0.00303891779541
0.00283424821812
0.0028071824825
0.00329381412697
0.00339558189887
0.00323328456148
0.0034147315195
0.0033099313937
0.00310991098904
0.00306029440087
0.00332393548294
0.00322854177006
0.00181225363903
0.00202890592819
0.00193612039144
0.00197931498313
0.00228014588059
0.00266412430223
0.00277856309984
0.00272909388115
0.00306616585058
0.00338799486591
0.00389371056778
0.00437690493054
0.00410744226943
0.00400876959878
0.004422091141
0.00392986925408
0.00394681101394
0.00400440371969
0.00436719969283
0.00376319377905
0.00400839737511
0.00414944227886
0.00431436670794
0.0042076975493
0.00452955646486
0.00377293028216
0.00450834834978
0.00404588536632
0.0046398274995
0.00494994601218
0.00541901135329
0.00570595340696
0.00590163866096
0.00588036520741
0.00629391508451
0.00752491675497
0.0077206702251
0.00880273204439
0.0102625741929
0.0100538296798
0.0112925882661
0.0104496318411
0.00989274969299
0.0105519341988
0.00900935507135
0.00989975379477
0.00971532492878
0.0100381115524
0.00977296360039
0.00849154066163
0.00933234453974
0.00885814732294
0.0087459485518
0.00850742299018
0.00848872918268
0.00905079900979
0.00976693074501
0.00929194427338
0.00867324044596
0.00851554630164
0.0084331232948
0.00809620966276
0.00780526821332
0.00802774927403
0.00741219052557
0.00777174172927
0.00697806175162
0.00594967468887
0.00610080134778
0.00507926533772
0.00405084816929
0.00415831528071
0.00434923311482
0.00468938741361
0.00489500148828
0.00452308359057
0.00434308536647
0.00370837517489
0.00451723967712
0.00501696852617
0.00504571459593
0.00444290252881
0.00517063743815
0.00456280924908
0.00514623907149
0.00460417205628
0.0053597637293
0.00520203674684
0.00475819462361
0.00577414593922
0.00558949264919
0.00385488347622
0.0034184388144
0.00321494085495
0.00378407312553
0.0036760326153
0.00457623881745
0.00542434521009
0.00422589071551
0.00490300129043
0.0048163357133
0.00428580645143
0.00394091191403
0.00421038824744
0.0041455611143
0.00396201572239
0.00318971151255
0.00340011660026
0.0031850702173
0.00367350747708
0.0041208828217
0.00338470577093
0.003750040118
0.00462210121983
0.00372482042072
0.00385562715563
0.00384159988742
0.00347282432242
0.00370957354654
0.00249893022359
0.00271893505475
0.00270494133399
0.00290259844725
0.00200370044946
0.00249774299633
0.00254287381865
0.00248108117396
0.00215914849215
0.00256708227293
0.0031279153274
0.00290396949868
0.0027468873958
0.0032245450023
0.00352042265389
0.00324755555374
0.00403229098258
0.00459600686728
0.00440336551051
0.0032793971578
0.00250075132211
0.00315770621378
0.00290649119842
0.00275466624914
0.00297478140215
0.00309699025729
0.00344175149548
0.00395298700831
0.00372988009979
0.0034016403988
0.00367247828713
0.0027315782474
0.00278553417867
0.00355121479444
0.0031084261726
0.00361458326011
0.00339693137583
0.0042295853545
0.00377741336156
0.00608450407346
0.00517219555524
0.0037022426624
0.00416652883862
0.00357587073021
0.00435841732553
0.0048221198355
0.00366104704885
0.00325974729015
0.00307782911598
0.00454819106938
0.00450053153747
0.0051845656606
0.00528093626884
0.00312789380832
0.00391525601122
0.00364165816718
0.00327307286027
0.00343348073549
0.00364170451401
0.0024744468367
0.00233603122008
0.00282811898615
0.00298868860626
0.00296898528153
0.00254660637184
0.00270699482121
0.00264708476352
0.00259903289409
0.00284412356458
0.00275022823714
0.00297898873318
0.00347141349758
0.00356785697409
0.00343903765824
0.00387512737486
0.00388592181753
0.00374588826545
0.00316432793759
0.00344854042378
0.00379409001753
0.00294109775328
0.00254283595276
0.00256445424981
0.00226207016682
0.0023062923501
0.00158755031781
0.0016688875115
0.00191782593485
0.00159408185242
0.00162133480603
0.00198516973168
0.00208761586852
0.00209285660203
0.00226668243472
0.00227658569829
0.00201622587487
0.00219404389286
0.00259118705575
0.0023884367264
0.00270924119862
0.00237658861108
0.0022544138692
0.00256943686028
0.00203240178355
0.00240368750408
0.00229098531986
0.00196746982011
0.00210769845181
0.00222623945453
0.00272830074834
0.00228132343701
0.00227431540885
0.00265753046365
0.0024115398602
0.00269444680632
0.00289483709874
0.00368701621519
0.0035113002407
0.00443964342589
0.00534516939092
0.0052736741827
0.00531918375857
0.00541143295037
0.00681916476428
0.00807586789164
0.00766230555289
0.00655928887753
0.0077562648462
0.00700423476015
0.00803517742739
0.00884246762832
0.00840401176232
0.00762008633865
0.00713821547338
0.00649394828045
0.00610284348542
0.0062239011001
0.0063337202451
0.00536544999677
0.00484865070474
0.00488512189179
0.00696455434395
0.00688523798959
0.00638225501437
0.00710597330648
0.00762036076569
0.00775366184122
0.00805648412799
0.00904392475538
0.00965602688965
0.00830877405619
0.00866922954332
0.00939810550324
0.00917753760909
0.00965630864994
0.00942048545862
0.0101267335502
0.00926612522347
0.00890010785325
0.00970487873056
0.00945723448939
0.00896320682312
0.0113182301039
0.011506528478
0.0108521496277
0.0109838665015
0.00940219852415
0.0105221974187
0.010563511409
0.0104473433217
0.0107004240996
0.0108125707428
0.0105628230044
0.00950968288261
0.00976799044953
0.00938616746068
0.00962685690759
0.0100083676683
0.0103528054426
0.0100282176021
0.00959385398006
0.00958905637001
0.00982943843498
0.00916662043729
0.008268391375
0.00866899836635
0.00743704735389
0.00795073358945
0.00819395030572
0.00797895696642
0.00759421555242
0.00793317637436
0.00872428593885
0.00844307643068
0.0083799733234
0.00930961255097
0.00874285092943
0.00981982504797
0.0103195943117
0.00942438414589
0.0103891027198
0.00971947411484
0.00967800751858
0.00912970114636
0.0086174143152
0.00888024442959
0.00895501553263
0.00870045262991
0.0092033396157
0.00877923050818
0.00958775629571
0.0101669159954
0.00935757384473
0.00968143009773
0.00978564603451
0.00935272976739
0.0100355265471
0.0100067546338
0.00944586409629
0.00982846026736
0.0110816791478
0.0113854412861
0.0102163244022
0.0109146836272
0.0108951752721
0.011037947556
0.00976032247721
0.00999216269027
0.00941008550516
0.0107455161863
0.0103576546027
0.0107986752494
0.00911454341247
0.00881648493685
0.00950756410614
0.00922313774777
0.00916302146296
0.00899142410481
0.00963105893269
0.00966469838137
0.00969176182851
0.0114726699764
0.0112070875274
0.0119552670535
0.0116921063751
0.0128182467771
0.0131625844668
0.0136363494461
0.013903981501
0.0136897434609
0.0138369850105
0.0142491773024
0.0130472833295
0.0128375510062
0.0125115172018
0.0118680225031
0.0128241412986
0.0126558430892
0.0130400574137
0.0119513631242
0.0126132882594
0.0116455955544
0.010917305846
0.0110743956369
0.0121816418072
0.0119642038509
0.0107436470114
0.0114301525184
0.0109300080209
0.0118710249264
0.0114813358103
0.011020872373
0.0109498938514
0.0111837190005
0.010573059749
0.00993895133527
0.0111303939605
0.0132457720474
0.0129037606663
0.0135666350093
0.0131422885723
0.0138770426692
0.012342490337
0.0123577723627
0.013349260301
0.0125261225172
0.00875278205682
0.00844211931634
0.00918290308144
0.00877060197189
0.00942880711447
0.00909857979469
0.00953390276074
0.0078944738931
0.00818799871323
0.00786778960443
0.00830427755127
0.00697303212027
0.00730552939879
0.00785997315682
0.00898760389719
0.00956794717174
0.00924542488826
0.00861974598458
0.00873293153246
0.00835270262909
0.00851154962334
0.00892802586981
0.00864367029507
0.00818455876439
0.0086419094056
0.00997621854808
0.0100541856719
0.00954522333721
0.0105660717256
0.00977705148021
0.0096834936768
0.00995098036559
0.00974363683131
0.00997109542591
0.00904323330589
0.00992240728394
0.00940241793779
0.00916945650225
0.00987088444923
0.00925103642869
0.0102047566359
0.0120006238084
0.0116613560946
0.0128743669903
0.0120852082865
0.012931423509
0.0135329676439
0.0138617909823
0.0136031392045
0.0121227752406
0.0135810916208
0.0131036325246
0.0147911347724
0.0149536775703
0.0134228521008
0.0138534508412
0.0133711184051
0.0141614136913
0.0124245258645
0.0116950723351
0.0107171994846
0.0104131674143
0.0098783822726
0.0111130285927
0.0111629022966
0.0116340833581
0.0117430929444
0.0110242531628
0.0107544949755
0.0101382139517
0.0102723896952
0.0103738003366
0.0105557087967
0.0103145510893
0.0105794694924
0.0105221810957
0.0103475623914
0.0110360883336
0.0106421094437
0.0106336038678
0.0100693185118
0.0103543988359
0.0110756453412
0.010520821273
0.0110587707633
0.0117768722314
0.0110849652263
0.012124281691
0.0123894595282
0.0124881653354
0.0121651893012
0.0115492858197
0.0102307257654
0.0107973705052
0.0101070435908
0.00975668958246
0.00918193792936
0.0100936348816
0.0104620643568
0.00978541822296
0.00919449584515
0.0104499883244
0.0104874932155
0.0100758457495
0.0104871118404
0.0100723739396
0.0101047038594
0.00995267212876
0.0090228717069
0.00936180541331
0.0089993062681
0.008407778651
0.00831884635172
0.00910795498375
0.00918121065831
0.00953383239096
0.0100020906896
0.00929346292634
0.00989811849899
0.0101039976495
0.0112939031823
0.0104499970971
0.0109151434806
0.0130545877454
0.0112163305238
0.0113632967575
0.0122354355195
0.0110694509029
0.0106540960307
0.0099119621855
0.0114182075721
0.0113766647653
0.0100356797088
0.0111945541467
0.0106056329453
0.0106840089755
0.0118605817636
0.012360954577
0.0116992006085
0.0114870572504
0.0122086165113
0.011612109797
0.0120895844362
0.0111057354024
0.0113174607241
0.0107432216272
0.0101478648404
0.0116947666494
0.0109696895732
0.0110226875146
0.0103467936255
0.0103304584271
0.0113902260138
0.0121925512329
0.0111494185256
0.0110761726691
0.00984560378379
0.0102350195421
0.00896009835727
0.00898076073219
0.00933123770935
0.00934977038353
0.01006445077
0.00885700564108
0.00912491399621
0.00933399455118
0.00803552065269
0.00843448262495
0.00830407828508
0.00929691268507
0.00902495448839
0.0077229973477
0.00767208034433
0.00703403708582
0.00680824053657
0.00720173072237
0.00670606197818
0.00663150222233
0.00690132953962
0.00822559623601
0.00786974955156
0.00763712933877
0.00790891682535
0.00862769044124
0.00746182863718
0.00931686454849
0.00870773826952
0.0113995653457
0.00969834393192
0.00979084987726
0.0114774510795
0.0159649415091
0.0135974402573
0.0128522101905
0.0118984633018
0.00988976015346
0.00817915730061
0.00775545049462
0.00801040466953
0.00981318979398
0.00915228637716
0.00890611528188
0.0108019736523
0.0125970631571
0.0138528616367
0.0163585696263
0.0141130638923
0.0149645614847
0.0136626660593
0.0150038831583
0.01401704925
0.0105768189937
0.0110734948716
0.010011842233
0.0101760457734
0.0084431025791
0.00798552601032
0.0137396008414
0.0100689067196
0.0118115679574
0.010255466597
0.00987400464723
0.00969293027416
0.0109643572904
0.00794896997665
0.0066642689437
0.00602250827261
0.00616323981141
0.0051293647724
0.00456894412624
0.00580094023634
0.00558455300396
0.0063789912425
0.00511967156014
0.00740833862481
0.00652781928338
0.00736265749994
0.0086465760859
0.00983793746914
0.00936277062439
0.0101351378928
0.0105756999158
0.00907567829927
0.0085054736939
0.0108284591436
0.01246172014
0.0124120150499
0.0113398361591
0.0126336902016
0.0118454375012
0.0108152599221
0.0118490864615
0.011486031036
0.0107896095873
0.0121481388741
0.0117302501006
0.0125654286635
0.0126197659295
0.0109905437963
0.0102296026554
0.0102981094328
0.0105243538284
0.0098390913361
0.00925154545406
0.0086728335506
0.00828918145188
0.00802501538072
0.00887021318897
0.00778035394623
0.00740448879432
0.00722945785125
0.00718844417028
0.00670545764103
0.00601383305969
0.00582164233991
0.00606070248532
0.00356359232373
0.00354078116442
0.00313281436521
0.0034673728326
0.00297774233607
0.00333778622986
0.00308046356214
0.00332411554931
0.00273195177311
0.00279978930728
0.00319848594042
0.00297474311054
0.00248779944561
0.0030801544856
0.00322347218327
0.00277993480376
0.00288795007018
0.00278123823085
0.00306707080485
0.00301979169262
0.00276989340219
0.00258829295418
0.00253381120505
0.00284633059448
0.00225202254327
0.00337613082447
0.00312918669447
0.00375412390013
0.00371777657913
0.00409660569885
0.00398167981312
0.00399210824202
0.00404703051458
0.00392552441853
0.00339724540038
0.00375987846515
0.00362732138704
0.00385201159597
0.00369183958544
0.00424041382257
0.00445051472211
0.00407414445845
0.00422476790821
0.00404837077916
0.00369458599354
0.00385681172507
0.00401663919773
0.00426193137108
0.00429664250358
0.00474951153976
0.00369386138594
0.00412495958015
0.0043617885653
0.0042539576139
0.00409081524992
0.00376938933369
0.00349418074385
0.00347396587753
0.00348127005097
0.00271937264684
0.00304648672935
0.00325585044314
0.00340447885007
0.00317147218079
0.00322001295287
0.00358648795377
0.00335387711602
0.00355736916337
0.00345163392791
0.00335071330691
0.00328675754657
0.00265543935395
0.00330160275896
0.00192245570763
0.00213148934522
0.00208792693639
0.00239262436611
0.00239715620556
0.00231381541682
0.00313078384216
0.0025840706216
0.0011156452456
0.001722642073
0.00130698121525
0.00178012979877
0.00154958392052
0.00261874759294
0.00203277384085
0.00249253051823
0.00270645198292
0.00255524297289
0.00454939114573
0.00406395682896
0.00535852255468
0.00681235549004
0.00640300005045
0.00619191791943
0.00547971920824
0.00698256551343
0.00755718240197
0.00694006399839
0.00660464988887
0.00871386891938
0.00739606530141
0.00949143061711
0.00882575957637
0.00821794805822
0.00827527199183
0.00758342656169
0.00684706626267
0.00630811062703
0.00694956770892
0.00493094989211
0.00487090535522
0.00506020036033
0.00436560108592
0.00327552171817
0.0032374803609
0.00253512340402
0.00353775551858
0.00325193794306
0.0032473569144
0.00502146963529
0.00366820869403
0.00286130123198
0.00332576767462
0.00296376662219
0.00342484326699
0.00312216566369
0.0033388876999
0.00516082344736
0.00520426978606
0.00680746349615
0.00790013405183
0.00601424692349
0.00788678893846
0.00765098207116
0.00601579645398
0.00591369187377
0.00567977311229
0.00488683927748
0.00523370273953
0.00397339517797
0.00513830165501
0.00493116786922
0.00506139634681
0.00394917801509
0.00955342102877
0.00790782757195
0.00739222262696
0.00837937120142
0.00700580548246
0.00675748213556
0.00634384254113
0.00804772297925
0.00989385491489
0.00940710314703
0.0134442521201
0.0130232114808
0.0109134372241
0.0124602416947
0.0129787457772
0.0132454441758
0.0111618792256
0.0107287809676
0.0109409805131
0.010254271746
0.00911670179472
0.0103831721557
0.00921650151935
0.00836649001284
0.00771465914292
0.00849529115823
0.00760767336614
0.00876754929358
0.00677959143768
0.00583159812213
0.00548276140756
0.00593242502451
0.00390556303605
0.00416225977834
0.00348000106412
0.00402871726906
0.00339840085513
0.00496456030567
0.00452585693627
0.00423076747064
0.00366905590083
0.00368376095352
0.00311430802031
0.00524286970464
0.00509208517657
0.00477865917567
0.00601610942996
0.00510169378355
0.00600167884412
0.00552499844653
0.00773690528101
0.00607491712702
0.00614567416559
0.00662005831723
0.007156674635
0.00569233571947
0.00528868973337
0.0050578354222
0.00568229568986
0.00616195520564
0.00459640874978
0.00435015031899
0.0043228448884
0.00566310389236
0.0072559296711
0.00796071674289
0.00965568884553
0.0109159482908
0.0105031587503
0.0144254601318
0.0124632550182
0.012767401034
0.0138776255972
0.0142948552421
0.0143401673487
0.0117951900004
0.0129965606384
0.00820402964284
0.0102970929413
0.0133215357231
0.0127558721698
0.0123781765634
0.0116176847359
0.0103336948565
0.0116012476395
0.011991763185
0.011199231663
0.0110518754997
0.0128921845567
0.0125132095044
0.0118032499613
0.0122731852204
0.00915427526315
0.00958331645375
0.0101707244724
0.0119878929255
0.0114035595338
0.0132178315135
0.0120825404875
0.00755675433455
0.00871807004815
0.0114337950497
0.0129823944881
0.013017976703
0.0128733062846
0.0159234185369
0.011370079465
0.00886355761989
0.0111665401082
0.010692238794
0.00944107624862
0.0110981957196
0.00960455595661
0.00993298202908
0.00750699003037
0.00829566384602
0.00801602310519
0.00720908736825
0.00812601510403
0.00866112424085
0.00991868160996
0.0119866478361
0.010584639673
0.0120647156591
0.0104790035844
0.00964592009519
0.0073881368344
0.00849670789883
0.00646322981946
0.00632189403242
0.00625911311806
0.00654802139404
0.00689320684096
0.00597898575947
0.00677352615093
0.00626389488549
0.00672051793442
0.00715096506038
0.00773215881814
0.00680484088763
0.00903299610953
0.00718980402727
0.00730586814428
0.00656759949059
0.00714673216987
0.00634615671557
0.00622681978549
0.00580329791044
0.00486179084413
0.00446582378158
0.00440027655182
0.00424639185966
0.00502047105234
0.00488486609475
0.0041578307798
0.00566480845185
0.00558003067355
0.00566917944071
0.00729836201728
0.00629587595077
0.00577350241735
0.00576516947053
0.00617423567519
0.00645643458669
0.00619624813064
0.00590734522142
0.00596000677171
0.00567878717845
0.00527666336617
0.00713640068309
0.00353370782408
0.00388683421802
0.004016614835
0.00368813501693
0.00360116300034
0.00369761298406
0.00392802729734
0.00366640354043
0.00401440387442
0.00430579503825
0.00426726301637
0.00359802580348
0.00434729986064
0.00405487515126
0.00392722768498
0.00445996802631
0.00403126167963
0.00384405130416
0.00333824536528
0.00379353814186
0.00351467316153
0.00386905871127
0.00423263353185
0.00396112098121
0.00437593642301
0.00423554814826
0.00479783789895
0.00464748304307
0.00634621185103
0.00533542526062
0.00506270039912
0.00475501658593
0.00469257119692
0.00503954470463
0.0049407370718
0.00441430589081
0.00289250879194
0.00325774802524
0.00315610169769
0.0031378827658
0.00373505411459
0.00243078805344
0.0021537283758
0.00240976267592
0.00195895838844
0.00186765999952
0.00174603577754
0.00131594390588
0.00160102117246
0.00143659083944
0.00164290003986
0.00185282685273
0.0014926899824
0.00186218787042
0.00189297262546
0.00160470477362
0.00120267803259
0.00156719404111
0.00188388182287
0.00115724539854
0.00124755353472
0.00141968794987
0.00149543668195
0.00124568315749
0.00113980626733
0.000946159319172
0.00101598752308
0.00107981527541
0.000852715607309
0.00110996754405
0.000872225163597
0.00104965276701
0.00161427500394
0.00125823123992
0.00124768096037
0.00195335763212
0.0017818233114
0.00185642879775
0.00214426313078
0.00206230764084
0.0020612018933
0.00241006872472
0.00160093812062
0.00153284185309
0.00117968053369
0.00123113066261
0.0011352579566
0.00168380217006
0.00109817640491
0.00102432350636
0.0012593429766
0.00128375152288
0.00160561427963
0.00121627819006
0.00131235164591
0.00162687843371
0.00100100718043
0.00131214914579
0.00156095500804
0.00176629122999
0.00171554396152
0.00161077811615
0.00230034570782
0.00357161404441
0.00321069261581
0.00256988103256
0.00394900344382
0.00328150717836
0.00443248609189
0.0041587882664
0.00392046079532
0.004374225045
0.00438967436538
0.00367453295651
0.00345596944589
0.00344054993345
0.0038000013949
0.00268516919881
0.00247637865079
0.00225102805601
0.00114021029278
0.00185168235271
0.0013716937576
0.00171415593023
0.00170805332558
0.00149861406208
0.00145506363417
0.00201639699622
0.00168887020947
0.00134072906927
0.00146000613988
0.00189570765883
0.00127844220554
0.00183145833316
0.00222116609086
0.00261002203866
0.00317362204792
0.00223302097211
0.00462794962744
0.0040395728371
0.00443706269151
0.00404456238789
0.00346484398158
0.00358301281906
0.00344876595556
0.00376200555408
0.00402037961628
0.00474794443637
0.00425619102813
0.00377894794096
0.00354398513883
0.00295322174221
0.00239202343834
0.00212780918918
0.00245312916583
0.00211525958011
0.00251750110506
0.0027687919579
0.0025572255085
0.0017595726875
0.00184543265586
0.0015897968664
0.00195894780031
0.00121850757457
0.00131105409873
0.00118144354718
0.00130529180898
0.00149706529929
0.00132843148693
0.0010262563924
0.00171367956257
0.00136087337361
0.00141847815814
0.000909627750629
0.00141884094196
0.00117783562393
0.00244483379835
0.00214302897651
0.00135838661205
0.00156491754229
0.00155199203138
0.00127671921707
0.0012121543848
0.0007751312749
0.00114235091633
0.00157446973443
0.00198818349018
0.00219804913754
0.00204924537147
0.00248031800281
0.00259181231602
0.00289334005687
0.00322004223331
0.00317640627565
0.00301165655559
0.00315106576982
0.00342913016123
0.00349361159164
0.00337817487283
0.00389506245621
0.00368532314641
0.00720222693016
0.0074803411676
0.00741913700542
0.00902586671994
0.00775837696937
0.00615247579202
0.00719047756709
0.00669985553587
0.00752276294002
0.00857570724107
0.00631240598168
0.00545910183645
0.00788329557319
0.007691807773
0.00621243713099
0.00640786942988
0.0096836384094
0.00947363417575
0.0101599617656
0.00988728823942
0.0103305144657
0.0125918123987
0.0122683767981
0.0132097787846
0.0125575862154
0.0110196364265
0.011487111517
0.0108246117514
0.0131049787446
0.012104052489
0.010659727277
0.0128272447244
0.0127011442997
0.0103752402616
0.0126708927582
0.0121889712128
0.0126080860261
0.0137164138895
0.0142914264977
0.0146632445024
0.0107337556612
0.011072675028
0.0116151050768
0.00981873053965
0.00858843571391
0.00792144663798
0.0096476270665
0.0093880654962
0.0113971753582
0.0115337545032
0.0131135023204
0.0109722667847
0.0118846474293
0.0110995719798
0.0112135119062
0.012178107723
0.00946254550554
0.0106546964077
0.00816848004678
0.00587924042902
0.00627060826023
0.00655392271614
0.00612741316844
0.00732699121646
0.00681830024166
0.00722598867059
0.00678183754775
0.00696131902961
0.00590188253765
0.0065777682792
0.0063861481772
0.0055683085833
0.0048706087101
0.00557791564072
0.00481225350032
0.00389357681424
0.00341458730545
0.00295918013887
0.00282792557157
0.00373692893409
0.0046031061461
0.00462383808039
0.00379835936658
0.00463922161504
0.00541411238476
0.00504006968019
0.00420873999299
0.0055601690889
0.0053452150918
0.00643566431516
0.00561935768193
0.00519675116765
0.0057604111003
0.00650323441403
0.00664188252106
0.00560728280214
0.00589633196996
0.00547951715868
0.00583914553541
0.00496530477713
0.00439019845357
0.00542285762237
0.00398257976782
0.00476190267173
0.00526744845832
0.00422215746025
0.0031405579416
0.00396639705328
0.00414169331037
0.00488068211354
0.00462356792769
0.004759330757
0.00525703069666
0.00501312742759
0.00571821924134
0.0051787239465
0.00439101589424
0.00487508913886
0.00446914350938
0.00418740434397
0.00428011526934
0.0046092986032
0.00354630613245
0.00311586006468
0.0032727132486
0.00357537944911
0.00360780545187
0.00367001569142
0.00397559659836
0.00413564199805
0.00423854112539
0.00509988495447
0.00506427286501
0.00475089760109
0.00436812366537
0.00471623561542
0.00514626429658
0.00399679589813
0.00483876662748
0.00400491398099
0.00580843270155
0.00522139552906
0.0076909495802
0.00749038107349
0.00575876787419
0.00816857795088
0.00717880831036
0.00868733844211
0.00819837897693
0.00837297653257
0.00893672746209
0.00706145527182
0.00772679165791
0.00778487341902
0.00783824215769
0.00732180744832
0.00725112449881
0.00771723891257
0.00704489880151
0.00621610885179
0.00801106356469
0.00832261530517
0.00820367781451
0.00976710564851
0.0075093174591
0.0093208207851
0.00764785426903
0.00753781539351
0.0109330548872
0.0099894570238
0.00944396004537
0.00683553236232
0.00979961921302
0.00851162201924
0.00715044555998
0.00767166943605
0.0073709716803
0.00715989361835
0.00745933502444
0.00706459791087
0.00779338932119
0.006791402953
0.00666182339687
0.00792083050156
0.00806793621745
0.00825673578068
0.00882488354879
0.00734818016827
0.00883931773255
0.00870076067031
0.00704252834484
0.00705737506348
0.00478003534876
0.00567635989373
0.00664626686273
0.00667624843997
0.00654128663409
0.00657267846864
0.00773285434083
0.00850196797636
0.00894462082208
0.00944608633422
0.00873519117953
0.00820559772134
0.00767921481866
0.0068484141646
0.00884767211514
0.00694276891691
0.00717597931762
0.00870679798754
0.00709582285444
0.00770813591974
0.00807584084173
0.00708182231477
0.00647981707239
0.00618079121365
0.00570322338125
0.00613385239856
0.00606682135961
0.0070192388128
0.0059936715812
0.00707285433349
0.00695945458842
0.00665854400262
0.00499976280849
0.00190851087187
0.00186242296951
0.00216476083227
0.00204499432566
0.00166314344614
0.00202911525592
0.00250150342486
0.00228588753981
0.00227012018049
0.00236329589446
0.00253959399769
0.00200552609458
0.00215739662746
0.00238602586991
0.00254098367212
0.0020877579781
0.00217949160579
0.00177912665989
0.00212693464898
0.00185969416955
0.00201401682518
0.00196486675854
0.00207175413731
0.00238796401704
0.00236205849868
0.00231051905724
0.00213185657016
0.00250477103572
0.0025367068742
0.00254763907546
0.00285046867953
0.00267992650195
0.00265193493226
0.00247701482059
0.00214135909183
0.00214343697356
0.0025953603857
0.00266373674562
0.00313091333772
0.00295339796665
0.00314863694291
0.00220369331825
0.00217003745925
0.00253501524383
0.00264387024006
0.00246508670261
0.00206978603111
0.00199979726487
0.00171476837641
0.00169411985178
0.00132243346459
0.00144709876493
0.00140832678718
0.00161032756732
0.00163319993114
0.00171899254705
0.0011937503192
0.00147301173134
0.00104350412825
0.00131597472053
0.00114678031448
0.00097763215894
0.00155393338652
0.00136988863209
0.00145471093904
0.0014689771491
0.00177504081307
0.00334307695137
0.00347556388722
0.00355149252256
0.00333774486031
0.00447357988236
0.00396520229491
0.00373337397372
0.00345727475091
0.00330954633822
0.00366001780793
0.0038467116551
0.00411726252503
0.00399880381331
0.00362370301329
0.00370030991307
0.00341067654048
0.00293573584259
0.00353026999454
0.0036616447123
0.00369192360882
0.00428802010948
0.00385631282434
0.00337101133485
0.00209140299664
0.00189237916702
0.00132561547297
0.000986828156826
0.00154860639682
0.00139352263425
0.00119250293232
0.0013974132382
0.00116297711253
0.00128535962119
0.00164467910499
0.00200719961527
0.00165286047177
0.00178578390569
0.00194766735078
0.00205077252764
0.00181044806425
0.00107920040129
0.00150629892056
0.00175539308151
0.0013155328494
0.00121605495737
0.00152112273665
0.00123970876432
0.002258612947
0.00246645207871
0.00238601347002
0.00224104021469
0.00248811629898
0.00211446582483
0.00274669159491
0.00172068853811
0.00230032104854
0.00302825008135
0.00293114926351
0.00287395520608
0.00276626675945
0.00248411828419
0.00293554058614
0.00234667795261
0.00216534034398
0.00188989664418
0.00216175650301
0.00157327699479
0.00237359732526
0.00322710058711
0.00430511947016
0.00400064762596
0.00442103818051
0.00709663344237
0.00708808356076
0.00808771111736
0.00861988857578
0.00689905038102
0.00799759887837
0.00711655770979
0.00945363152749
0.00819693255611
0.0080947398167
0.00720081582531
0.00941347888689
0.0104386370113
0.0108117373491
0.00820255709157
0.00936343295189
0.00894142867231
0.00869854538467
0.00658471607516
0.00816419135755
0.00717289284476
0.00774806643137
0.00754998310361
0.00755972808085
0.00730177515786
0.00804406939702
0.00889815227197
0.00658675253637
0.00662007568292
0.00563210331704
0.00624510140723
0.00463361436118
0.00513840736915
0.00469798036738
0.00781309013466
0.00875883887534
0.00934054690878
0.00938004770416
0.00906301691305
0.0085638664732
0.00883011680144
0.00799006510518
0.00776148885533
0.00889481696136
0.00909694405753
0.0091459695373
0.00634394901223
0.00695276421079
0.00689031082313
0.00637638203196
0.0070189643281
0.00752070517676
0.00726207024311
0.00754766121553
0.00731855810493
0.00783805453999
0.00760719151864
0.00881228288108
0.00935830484705
0.0147799198023
0.01165145321
0.00952001635727
0.00893213693753
0.00991799329322
0.00898049833167
0.00973199592888
0.00973363821742
0.0110849145242
0.0100123170719
0.00876822428131
0.00901502186717
0.00804663341566
0.00923003415491
0.00897218221824
0.00768632168487
0.0078836912143
0.0073708387596
0.00743541111766
0.00694895777021
0.00574481265547
0.00600339219335
0.00605356355152
0.00576488442495
0.00583336742402
0.0061111900268
0.00530377263726
0.00491243754119
0.00449505818699
0.00396992409287
0.0035079664187
0.00363099354513
0.00458003080562
0.00468880642386
0.00370475350308
0.0035536881627
0.00359051678514
0.00376690957506
0.00327450613494
0.00478848068731
0.00398289992416
0.00430608111414
0.00381580370698
0.00434341286185
0.00413676631003
0.00394411254241
0.00351093349042
0.00330532502072
0.00351137221471
0.00440737206932
0.00437615313184
0.00397664455986
0.00424071086804
0.00404606313631
0.00381899312672
0.00375893199877
0.00350164477347
0.00370770148293
0.00381248526985
0.00408134088125
0.00389130408556
0.00394916453447
0.00335981014544
0.00277111494277
0.00283216247499
0.00296882264178
0.00248879153073
0.00268598083176
0.0025788001051
0.00244455490659
0.00253464379799
0.00284652949197
0.00284684332458
0.00334437214134
0.00302042894532
0.00249205838037
0.00273906220121
0.00236134589315
0.00227754418873
0.00218356564708
0.00343389846702
0.00369257521508
0.0029336894659
0.00299124094108
0.00287633188326
0.00212366882286
0.00225184120593
0.00188132417831
0.00162060604827
0.00225763379009
0.00214792736248
0.00220198276111
0.00280677286258
0.00298346226257
0.00297147454029
0.00295916912451
0.00279416546467
0.00270766494834
0.00275810908693
0.00245886603932
0.00268138790164
0.00252745369187
0.00253881088234
0.00264390507616
0.00273639412238
0.00252282189331
0.00210050220088
0.00238743419571
0.00249546566614
0.00238317014619
0.00301694991764
0.00337646637029
0.00361137143087
0.00394704226924
0.00412612153562
0.00448052566687
0.00467093378399
0.00389355575622
0.0040276807231
0.00472725182547
0.00460756487496
0.00485678982773
0.00501962494091
0.00474112222074
0.0049697731208
0.00506313779247
0.00448162971558
0.0046476073505
0.00486009469514
0.00482222618854
0.00558063197382
0.00540051923137
0.00527090141317
0.00508987831618
0.00512092904684
0.00404241716697
0.00409709832276
0.00428952063764
0.00509697234892
0.00551646056001
0.00495262889788
0.00528364960699
0.00491340722866
0.00423498040718
0.00464669745967
0.00480986449741
0.00473384432753
0.00433303088113
0.00431152420985
0.00467048998387
0.00497694314223
0.00469459272511
0.00544829093264
0.00491496731647
0.00536128673019
0.00517342903663
0.00587530117943
0.00608344532361
0.005834237255
0.00616050582383
0.00629140783931
0.00714090897735
0.00563576935211
0.00618863491291
0.00566250406542
0.00625048542078
0.00631998248724
0.00647758389957
0.005337335287
0.00569694297893
0.00535210045853
0.00457498938747
0.00539185414031
0.00606320061103
0.00653226222079
0.00582121967418
0.0057958229998
0.00638526149431
0.00554495068613
0.00562971062962
0.00587210345659
0.00674901643337
0.00585093674469
0.00638790513744
0.00792074624172
0.00769720835347
0.00883897415888
0.00843482360582
0.00834437640481
0.00751015963043
0.00793033253294
0.00872589166212
0.00802350981019
0.00597633435816
0.00595702387941
0.00620093022869
0.00485251003598
0.00514938603356
0.00479511076089
0.00624663803579
0.00608510830816
0.00777259891284
0.00684989776367
0.00932289827127
0.00749442076474
0.00837600920723
0.00953262673597
0.00511466256975
0.00456915580119
0.00479393024743
0.00476620354137
0.00483837181979
0.0048777173156
0.00460228511338
0.00445783049166
0.00475770011932
0.00412999833843
0.00444752203068
0.00496645851128
0.00516125324691
0.00491472928718
0.00468345588349
0.00457179732482
0.00496876315225
0.0051465044151
0.00563233978296
0.00517329580301
0.00479269108226
0.00566371290188
0.0050701779788
0.00495266493559
0.00550299982229
0.00509475711726
0.00463326578854
0.00449804618346
0.00507820926408
0.00462480093052
0.00495154023745
0.00527388715554
0.00520319436416
0.0049005782053
0.00534576509868
0.00559080242659
0.00628623291956
0.00659587538248
0.00723522255208
0.0068637399901
0.00658373922424
0.00674220591186
0.00616158078563
0.00615040052242
0.00567967034355
0.00610088314966
0.00638492050648
0.00605276568141
0.00661041928925
0.00671255759079
0.00654232098931
0.00680240478071
0.00725100022243
0.00751257418417
0.00728477521307
0.00706735975663
